785619119445639198 ----- 6452 5388 6899 9345 11134 5965 6834 13061 38756 5908 6379 6428
596689225538338847 ----- 6452
784544075961466891 ----- 6452 5900 6899 9345
712846211744530494 ----- 6387 5835 6322
767491381484584991 ----- 6387
406666674171936768 ----- 6452 5323 6387 9542 11134 5258 15101 14722 1835008 5900 15162 8897 11513 39132 47340 13061
541817587491799050 ----- 6387 5900 38691 13957 11134 5323 6452 9345 13949 8966 38108 54467 16217 48474 27964 188115 192244 1835008 14266 16645 11513 14722 7159 14310 6582 13727 6834
783572758080389151 ----- 6452 5900 11134 9345 13949 5128 14361 9542 6899 5705 14944 13957 1835008 5323 14266 9746
641754605079887882 ----- 6452 5900 11134 9345 13949 5128 79001 103563 10937 21827 6899 14405 14266 21909 23803 5453
267835169572913155 ----- 6387
716070916550819860 ----- 6452 5900 6387 22979 11134 55591 15677 39132 1835008 13509 43245 14099 11107 9542 108333 87844 20285 1835008 10937 16645 15610 22748 7159 9345 9834 21603 6192 16448 5664 22161 41625 17156 14707 18700 13541 22362 15092 151332 155451 22493 8458 9941 143443 106578 9412 9563 106643 5835 41474 6363 23868 22175 9800 5518 7094 8897 5144 37897 50232 24902 6834 39587 43673 6095 10538 24218 28094 20666 75108 9867 17488 20674 16465 151619 23348 21057 28150 109274 88812 56393 20715 25477 20867 91470 20934 56689
721043620060201051 ----- 6322 5900 7094 22979
449761224570437643 ----- 6387 5835 14714 5770 11134 9345
583711040177438826 ----- 6452 5900 6387 22979 11134 55591 15677 39132 1835008 13509 43245 14099 11107 9542 108333 87844 20285 1835008 10937 16645 15610 22748 7159 9345 9834 21603 6192 16448 5664 22161 41625 17156 14707 18700 13541 22362 15092 151332 155451 22493 8458 9941 143443 106578 9412 9563 106643 5835 41474 6363 23868 22175 9800 5518 7094 8897 5144 37897 50232 24902 6834 39587 43673 6095 10538 24218 28094 20666 75108 9867 17488 20674 16465 151619 23348 21057 28150 109274 88812 56393 20715 25477 20867 91470 20934 56689
228986117364514817 ----- 6452 5900
