473527486207229952 ----- 6387
785619119445639198 ----- 6322 5900 7094 22979
721043620060201051 ----- 6452
550706689360265227 ----- 6387
770447583869009960 ----- 6452
783572758080389151 ----- 6387 5835 14714 9345 11134 9542 6964 5128 6834 14722 7159 80742
592503405122027520 ----- 6387
759958413970505768 ----- 6387
767491381484584991 ----- 6452 5900
346686053220089866 ----- 6452 5388 6387
702423848049442857 ----- 6452
232337490491473920 ----- 6452 5900 11134 9542 10937 9345 13949 13509 1835008 5128 14361 5705 14944 6233 10157 16711 6899 72353
700698393475022939 ----- 6387 5835 14714 9345 6964 5900 38691 6030 15269 6095 7159 6623 15854 5128 6517 14146 11134 48285 122043 39262 39276 14405 11513 8966 6704 81121 122098 1835008 15101 5453 5404 20611 5989 20738 22003 20548 43501 20609 9639 75148 71069 54530 28028 21268 20287 10002 28597 22156 23319 109276 45751 119450 88812 21578
717062342126469140 ----- 6322 5900 7094 22979 170478 9542
