0.88066906 0.13368203 -0.23207489 -0.09945667 0.4135435 -0.92969507 0.2903952 -0.7655094 -0.20929651 0.5187027 0.5237 -0.077980444 -1.0719358 -0.13138415 0.43481156 -0.10157604 0.6088438 0.23633532 0.8988923 0.8342041 -0.704312 0.09191338 -1.0560138 0.5336028 0.3831127 0.7009088 -0.6926248 0.5971142 -0.037327677 0.3617628 0.44404647 0.21649848 
-0.70040905 -0.25530335 -0.3078457 -1.5011134 0.030765412 -0.36414108 -1.3692058 0.55764276 -0.32463035 -0.3516489 -0.7338902 -0.7192703 -0.44170073 -1.9682178 -0.27374166 -0.33049372 -0.5849784 -0.3736042 -0.7643052 0.325957 -0.17525114 -0.41228852 -1.0780479 -0.10097985 -0.38995692 -0.73005795 -0.9679598 -0.38456023 -0.7005264 -0.06077314 -0.594145 -0.4653847 
0.18734019 0.5062603 0.7292942 0.67434293 0.024611717 0.8647787 0.50689894 -1.6287138 -0.15049092 1.523617 0.1727369 0.4563683 -0.32833233 -0.7272997 0.8859042 0.78303987 0.79103595 1.035961 0.8031252 0.59109145 0.012825389 0.8865392 -0.82743984 1.2181622 -0.41794172 0.104553804 0.6060908 1.2225478 0.7827183 0.9831473 0.13197917 0.57353336 
-0.7575373 -0.016972149 -0.21516436 -0.9621066 -0.2250875 -0.07462879 -0.3169553 -0.15777981 -0.0046811877 -0.7187425 -0.12537824 -0.09507354 -0.1518525 -0.03789902 -0.43645447 -0.27457893 -0.82044387 -0.21457252 0.19811076 -2.5140166 -0.008604834 -0.578 -0.09041967 -0.012399443 -0.10446916 -0.022279264 -0.26232716 -0.39182165 -0.15114489 -0.15476948 -0.02675357 -0.5738745 
1.465937 0.81884426 0.98722225 0.53341395 1.0996945 0.50519484 0.5190969 -1.1193869 -0.26407278 0.769485 0.060348067 0.041074064 0.37117258 -0.4382949 0.7461737 0.7492729 0.6121029 -0.029729892 -0.3448269 0.8234421 0.3793187 0.60204273 -0.5751777 0.237264 -0.24298966 0.59100103 0.43082148 -0.019135216 0.55420184 0.47164166 0.55412185 0.77908134 
0.18600549 0.17093879 -0.0767493 -1.8758941 0.93733686 0.40174267 0.34364998 -0.89445746 0.47776136 -0.44864836 -0.6307581 0.782995 1.0868946 -1.8995163 0.38540292 -1.1673603 0.36763453 0.16449453 -1.4204714 -0.35629684 0.4199376 -0.95549107 0.77292305 -0.2760471 0.5151391 -0.10932821 0.087154575 0.09333714 -0.05913502 0.059596263 0.14750475 0.6515933 
0.31462094 -0.12591606 0.3926841 -0.10649708 0.23872752 -0.1638948 0.44637927 -0.61728716 -0.35491705 0.31062868 0.50690037 0.5372862 0.056692168 -0.14886811 0.64291817 0.7100866 0.31537908 0.6206114 0.6279328 0.76049024 0.13523006 0.8276078 -0.7563436 0.53470945 -0.3837104 0.72791684 -0.3701354 0.12724593 0.33144152 0.725851 0.50441146 0.29544878 
-0.042289864 0.07731906 0.2882234 -0.5492081 0.09380387 0.32874024 -0.6091818 0.25925922 0.39818743 0.14917745 -0.95765156 -0.8283844 -0.10831096 -1.359631 -0.47093412 -0.1722882 -0.25122675 0.39509848 -0.57247263 -0.71731925 0.08737985 0.037217714 -0.18612361 -1.3997768 0.50535387 0.07205888 0.026510255 -0.07314585 -0.39547902 -2.0478382 -1.0931226 -0.16068198 
0.115396366 0.0310872 -0.0097487625 -0.78431666 -1.2998494 0.2110464 -0.77370244 0.12917075 0.12908997 -0.43726432 -0.7268185 -0.88974637 0.0538138 -0.48169717 0.27413568 0.2682339 -0.68730295 -1.543968 0.40814278 -0.86649823 -0.008037165 -1.1545343 -0.46856302 -1.0086905 -0.4585566 -0.5922647 -1.2467346 0.1735432 -0.56114334 -0.03979978 0.029568158 -0.9287295 
-0.20081092 0.18969053 -0.0021988712 -0.12623268 -0.4200829 0.00219915 -0.10434153 -0.120541334 -0.18359023 0.347464 0.14729285 0.1414157 -0.71565676 0.4675226 0.39371574 -0.023339938 0.5664798 0.69765496 1.6797588 -0.2338064 0.2174698 0.278077 0.99454486 0.5426276 -0.5245005 0.7303439 0.06346237 0.76564604 0.3424745 -0.47517353 0.03188139 0.26035342 
0.5045598 0.7542509 0.8292049 0.73090786 0.654966 0.44051528 0.74983674 -1.7659211 0.49977592 0.07948664 -0.03952256 0.53117234 -0.17728387 -0.20020765 0.5253803 1.2999947 0.70793146 0.3918478 -2.4035275 0.83986753 -0.23604661 0.6079652 -0.71150655 0.81842124 -0.74354744 0.82962316 -0.045699257 0.6281905 0.8262967 0.6750762 0.86249924 0.4134248 
-0.7528019 -0.07433406 0.31086177 -0.33677545 -0.4383742 -0.18589963 -0.56703 -0.2510934 -0.11660876 -0.13212259 0.0012557729 -0.34014517 0.030199885 0.068744905 0.26199758 -0.25609085 0.14816329 0.12746686 0.4587444 -1.9553785 -0.010942312 -0.052790243 -1.3329701 -0.38986313 0.79108125 -0.079649515 -0.24338216 0.4588634 -0.17747591 0.062309045 0.077792816 -0.24708806 
0.033391505 -0.05353132 -1.0117067 -2.172822 0.04404213 -0.43654522 -0.032053884 -0.36628628 -1.3656929 -1.2061425 -0.024015816 -0.035746746 -0.108497694 0.029648801 -0.07239926 -0.8754113 0.14409363 -0.3705385 0.31583837 -2.5365126 -0.047597952 -2.181685 0.09924135 -0.05665649 -0.6518063 -0.14459634 0.0042457455 -0.11916926 -0.513162 0.053588726 -0.28104118 -2.5950556 
0.12703402 0.27223015 0.25012913 -0.14470725 0.39738306 0.020504965 -0.40037286 -0.9712153 -1.0520831 0.0015665379 0.3179689 0.25684887 0.67232853 1.3547671 0.31587598 -0.09005159 0.3174707 -0.07184518 -0.44339788 0.62957406 -0.12822616 0.09495691 0.2717648 -0.20083693 -0.28014532 0.86914396 -0.21095926 0.98716646 -0.0395932 -0.02408024 -0.0011962899 0.39052185 
-0.33215782 0.046295818 0.12124539 -1.7979932 0.052432537 -1.2592912 -0.19068064 -0.15180984 -0.05156063 -0.038028516 -2.1824486 -1.9754003 1.1242177 -1.1197422 -0.43916073 -1.384287 -0.6893649 -0.87951803 -1.2577041 -0.618503 -0.7896456 0.102122806 0.99868876 -0.22002439 -0.40262032 0.6316542 -0.71594816 0.3522982 -0.17131756 -0.5400552 0.11480254 -0.3316755 
0.59121025 0.51699644 1.4748526 0.9215399 0.6591862 0.4293421 0.99382305 -2.0371795 -1.096687 1.1311433 -0.18998735 1.0105277 -0.5469946 0.06653368 1.2907057 1.1569606 1.0243928 1.2532781 1.7410951 1.0020958 0.42769983 1.2271533 -0.5539717 1.3092101 -1.4065431 -0.43927395 0.28452525 0.42294714 1.0354874 1.3532587 0.108701855 1.100927 
0.50686914 0.34893155 0.45702314 0.77713025 1.1517262 0.28098887 0.8755898 -1.3164829 0.42277718 1.4788524 0.69929343 1.0214802 -0.12127285 0.007050641 1.7461851 1.1301781 1.7044113 1.4476472 0.10700517 1.0532469 -0.08418865 1.551868 0.93414885 1.1084411 -0.2038387 1.0248464 0.101904266 0.39146355 1.702425 0.60080945 0.4778266 1.4703702 
0.19229427 0.055839833 0.24699827 0.3039785 -0.09241592 0.2770105 -0.107317284 1.7273372 0.107874155 0.04111936 0.08605555 0.45068645 0.26612812 -0.6295191 0.89629114 0.27703413 1.0966177 0.24781972 -2.539755 0.36133486 -0.33641943 0.56032395 -0.1065738 0.24239755 -0.48216033 -0.08479424 0.21892267 0.75270337 0.41479543 0.23797625 0.07206934 0.64503944 
0.34959897 0.77053005 0.2051603 0.7976212 1.0534458 0.9702211 1.0400605 -1.1294788 0.35538426 1.2288628 0.491357 0.8737061 0.62088555 -0.36450762 0.957838 1.0270628 0.2107015 1.1406598 0.502558 1.3795755 0.88454396 1.3069165 0.01862446 1.2389377 -0.4041225 1.228971 0.043798517 0.6169584 0.48728245 0.94 0.521599 -0.3749099 
1.1103272 0.051465858 0.2086023 1.9086299 1.7452117 1.1607168 1.693561 -0.5016874 -1.2986163 2.737478 0.8389721 0.7382656 0.3003383 0.2531443 1.2881062 1.5203545 1.6342084 2.5277278 1.9755889 1.1942477 0.51979715 2.1403756 -0.9652505 2.2017474 -1.889944 0.58761907 0.32936043 -0.9134208 1.2001356 1.034491 0.029709272 1.0409878 
-0.2740171 -0.15051726 0.57037807 -0.095208496 0.5155893 0.4281502 -0.079008445 -0.37164316 0.34567353 0.78646624 -0.3326617 -0.24003756 0.13157684 -0.14538766 1.3811316 1.1915764 0.56072205 0.7037087 -2.2933564 0.29237333 -0.64304143 -0.2511678 -0.27346364 0.9695163 1.2009627 0.5074543 -1.1654521 0.98871946 0.937398 -0.39626697 0.33207056 -0.3958007 
-0.040604334 -0.05671921 -0.21828641 -0.5250146 -0.030014819 -0.70941424 -0.5822355 -0.32163948 -1.080242 -0.15270384 -0.05689023 0.00460401 -0.06665626 -0.09282971 -1.2061807 -0.714405 -0.78789675 -0.10239491 0.3006804 -0.34683752 -0.06297464 0.02206981 -0.20094025 -0.045594014 -0.8212978 -0.21693856 -0.54657036 -0.3183657 -0.5333996 -0.17196758 -0.13355897 -0.032739747 
-0.25167108 0.56137466 1.0796103 0.40814686 0.8384384 0.53564364 0.8660256 -1.1156281 -0.3300961 0.99890745 -0.5249044 0.9187215 -0.14670001 -0.27142107 1.0237259 0.90495414 0.9523651 0.75227463 -0.008496746 0.22802934 -0.030296547 0.7151034 -0.72879905 0.8950404 -0.106929235 0.49361292 -0.37285975 0.8994823 0.7613495 1.0579356 0.35754633 0.8951826 
0.010252719 0.48880476 0.05120011 0.18473391 0.60591364 0.48405337 0.64460367 -1.1995726 -0.15715462 0.11227073 0.019981153 -0.33778998 0.00986133 -1.334366 0.526985 0.44374028 0.60918784 0.015734542 -2.000798 0.5058986 -1.1512369 0.5060733 0.41644567 0.061233126 0.26867837 1.4255024 -1.1396676 0.5018912 0.7389757 -1.5525366 0.983764 0.27542672 
0.23470218 0.28812498 0.47353363 0.10276434 0.2638988 -0.039569132 -0.60652566 -0.70610034 0.17296447 -0.50867885 0.30658048 0.31366453 0.53825533 -0.23142427 0.26857814 0.25055975 0.27415535 -0.2215884 -1.0129886 0.42611143 0.005959769 0.16317554 0.08622959 0.08656828 -0.5188005 0.75210947 0.25486052 0.9996799 0.2620599 0.58006525 0.32382065 0.24815643 
0.30313003 -0.5724414 -0.58969533 0.43892288 -0.04624352 0.47604313 0.52201366 -0.94292855 -0.6522571 0.3558968 -0.13265987 0.35304067 -0.1269317 -0.06496642 0.48524648 0.90229017 0.34256425 0.3593834 0.5921631 -2.4462528 -0.13329837 0.341214 -0.8944269 0.023804437 -0.6832768 0.25487357 0.3719342 -0.67483956 -0.10933457 -0.03787174 -0.28338435 0.5032658 
0.015900617 -0.034261476 -0.110430636 -1.1510593 -0.05515127 -0.0762123 -0.13272476 -0.21515426 -0.08771544 -0.07252684 -0.017191986 -0.067903705 0.00036397454 -0.03146066 -2.4358606 -0.06398651 -0.03984748 -0.1538629 0.23530777 -0.15219946 -0.026506975 -0.07376106 -0.18924151 -0.1050864 -4.708699 -0.03310486 -0.1491436 -0.94839674 -1.5223775 0.013320703 -0.03413692 -0.09715487 
0.43424174 0.57594544 -0.044997092 0.50239515 0.24382213 0.07661687 0.5336522 -0.75689626 0.14030309 0.8914071 0.8316563 0.27087945 0.350295 0.4132832 0.6113685 0.16080818 0.7825187 0.8882886 0.7084993 0.5490986 0.131259 0.4940547 0.063069925 0.29445922 0.48914027 0.19585095 -0.21527006 -0.093951814 1.2096311 -0.9361541 0.45942786 0.6024315 
0.200149 -0.37009537 -0.075870566 0.15956877 0.76205456 0.023447605 0.06338861 0.29492152 -0.09636908 0.14470266 0.124287315 -0.80645263 0.48515892 -0.5477556 0.66461533 0.2503893 0.49099737 0.4751432 -0.76594424 0.3437246 -0.6882318 -0.028503137 -1.2298877 0.25997165 -1.2189265 -0.52592766 -1.0338401 -0.27115133 0.29232073 0.80023414 0.3296938 0.65886635 
-0.29027757 -0.35924232 -0.24326609 -2.3670552 -1.1908432 -1.8042969 -0.77469504 0.4586104 -0.27610108 -1.4265232 -0.21018837 -2.1694007 -0.22395885 -1.280897 -0.15295821 -0.2957632 -0.8127734 -0.8936593 -0.58881485 -3.352241 -0.60415685 -1.5039201 -0.16288489 -1.5556294 -0.72703946 -0.27766067 -0.5750154 0.25257427 -0.44959787 -0.83818406 -0.31472802 -0.42797178 
-0.8195048 -0.43589678 0.14492822 -1.1812721 -1.0242248 -1.6187189 -1.4451692 0.41648114 -0.0047150054 -1.2152176 -1.1096495 -0.68111795 0.035939634 -0.16360582 -1.50345 -1.0745189 -2.1026826 -1.7396297 -0.29904914 -1.4548578 -0.25804654 -0.7203785 0.06370106 -1.9868866 0.7258145 0.118721455 -0.8496228 -0.12659019 -1.2583272 -0.5684048 -1.0010681 -0.84876794 
0.10018346 0.15228939 0.3843082 0.7122539 0.8299107 0.3620558 0.9859144 -0.68664974 0.35904634 0.7363104 -0.04774546 -0.61890286 0.31083053 0.42699692 0.87879556 0.46993124 0.8560524 0.21805425 1.9120303 1.0540215 -0.51537174 0.85141677 0.5688715 1.0240052 -0.17462003 0.68071365 -0.43086746 1.684255 0.73071593 -0.22450615 0.31676456 1.219437 
0.970567 0.9807423 0.9013828 0.44798332 0.5398584 0.2412835 0.537215 -1.1314626 -0.23931906 0.6124983 0.45817494 0.44013762 0.48161924 0.18511198 0.5471136 0.6651023 0.79521686 0.18527588 -0.63902634 0.6010293 0.036320213 0.62561655 -0.57182926 0.59964424 -0.6532222 0.04950679 0.5450766 0.5482479 0.4797752 0.7531776 0.40375414 0.80752814 
0.088332176 -0.15160225 -0.38084605 -1.054419 -0.6442246 0.0033697898 -0.17575908 0.2931201 -0.108889855 0.09067918 -0.0916696 -0.71583426 -0.3875309 -0.77991956 -0.031709533 -0.16458142 0.16142659 0.32216242 -0.46167877 0.11726182 -0.09685897 0.051363856 -0.651412 0.16815169 0.18528302 -0.99461037 -0.113450184 -0.34537795 -0.0406857 -0.08106532 -0.05434751 -0.06524321 
0.40915316 0.84502953 0.50137705 0.8962971 0.43708423 0.5227612 0.5132131 -1.9003989 -0.85037166 0.58146757 1.0870512 0.34724632 -0.28173587 0.985647 0.85630965 0.71482277 0.9671247 0.6878593 1.1841774 0.71162015 0.23672596 0.5133551 -0.7946754 0.564497 -0.5720965 -0.16992964 0.05632577 -0.052234113 1.1668942 0.4641513 0.56781137 0.3489473 
-1.7071532 -0.54630876 0.10885435 -2.6342638 -0.8117123 -1.4973935 -0.821175 1.883379 0.23153947 -0.67342794 -1.1120799 -0.4379029 -0.27440858 -1.5414473 -1.3023607 -1.4591298 -1.5568707 -2.318945 -1.4822317 -1.3533232 -1.399274 -1.024342 0.020960277 -2.113356 0.6896914 0.0012644209 -0.6069435 0.312609 -2.8156834 -0.99952096 -1.0990288 -0.5062978 
-0.32625422 -0.9506929 -0.376617 -0.78281295 -0.05514427 -0.5978229 -0.5153919 0.16653568 -0.17399378 -0.46257332 -0.0433658 -0.41800085 -0.41192815 -0.054493032 -1.0990458 -0.5633386 -0.49057 -0.42439833 -0.1249569 0.08878515 -0.05346179 -0.45825237 -0.6861996 -0.093244255 -1.7632484 -0.4871571 -0.48205453 -0.9857898 -0.8468419 -0.16172785 -0.29879144 -0.42794865 
0.5589844 0.930999 -0.50714815 0.36276978 0.5900155 0.10967112 0.8044137 -1.5212789 0.35030094 1.2487965 1.0226711 0.14783779 -0.6851185 -0.032052197 1.0461297 0.64109886 0.802919 0.688516 1.1138726 0.6818475 -0.015078761 0.99712926 -0.36595982 0.8395756 0.063439086 0.38298142 0.36277917 0.11265808 1.0827317 0.88676566 0.80314946 0.5866833 
0.29506335 -0.38993156 -0.14179817 -0.07283327 -0.21110164 0.36960992 -0.4094999 -0.89769715 -0.2819092 -0.23445423 0.30406222 -0.64600104 -0.64027476 -1.563796 0.002868488 -0.10015845 0.5899484 -0.1785712 -0.07395991 0.5684096 0.14380431 -0.07907063 -0.8119519 -0.030246634 0.4279553 0.26018113 0.11948586 0.30663735 -0.27385274 0.9016454 -0.21788621 0.115618415 
-0.28203875 -0.3089237 -0.15975107 -1.6513728 -0.90859276 -1.716688 -0.8594237 2.144803 0.9037548 -1.3793166 -0.96788377 -1.5347753 1.0833919 -1.1307566 -1.6662574 -1.4014816 -0.75213444 -1.8328967 -0.04289801 -0.927979 -0.03945012 -0.8286999 -0.45311955 -1.7025919 -0.36665022 0.06660817 -1.2216246 0.20785487 -1.4631438 -1.0399207 -1.147647 -0.62800354 
-0.17080791 -0.7763899 -0.3716559 -1.1908004 -0.24352418 -1.5270327 0.14074528 0.4928687 0.3717043 -0.23975953 -0.86220807 0.6429704 0.5704017 -0.72516674 -0.084310085 -0.75549614 0.14772533 -0.3351993 -0.5171191 0.0027845358 -1.2491378 0.30743334 0.43292367 -0.3543114 0.5451487 -0.9811327 -0.087351814 -0.033797335 -0.5328186 -0.5071132 -0.48607868 -0.19515215 
-0.38517454 -0.69348085 -0.48384428 -0.9410436 -0.5162154 -2.0143645 -0.4816126 -0.0139706 0.18602084 -1.2950497 -1.6203282 -0.98758954 0.05963822 -0.021206712 -1.0581341 -1.6581625 -0.5855142 -1.394186 0.038986847 -0.06047501 -1.285739 -0.27394855 -0.35299677 -1.6497666 -0.13519065 -0.039068207 -0.69929916 0.015963443 -1.2517617 -2.0634606 -1.4669695 -0.002536471 
-0.29428837 -0.34733382 0.41310048 0.38467306 -0.48171368 0.6480791 0.1885047 -1.2056496 0.2366992 0.08354903 0.14452933 -0.18954793 -0.80793536 -0.20397797 0.31739214 0.5026516 0.5892381 0.42948464 -0.19994724 0.5956825 0.08768699 0.30372483 1.2537637 0.3450253 0.36324647 -0.011245493 -0.8159472 -0.35940066 0.13522436 0.7648414 0.0347225 0.6295902 
-0.049221884 -0.6805708 -0.35932925 -0.098263875 -0.63305676 -0.9597336 -0.28730622 -0.54508555 -1.1404599 -0.6040404 -0.48216233 -0.66434556 0.07686599 -0.79532623 -0.58772546 -0.7280297 -0.7441518 -0.29313692 0.48835438 -0.23353642 -0.8326657 -0.33742473 -0.10046601 -0.2908561 -1.3295054 -0.6987763 -0.651515 -0.27044326 -0.37327906 -0.97497 -0.41679296 -0.4612678 
0.7512857 -0.1485892 0.3619733 -0.20969269 0.80683017 0.77911717 0.6137989 -1.1427916 -0.19107758 0.7615923 0.3125703 -0.738531 -0.5460446 -2.246785 1.1651556 -0.0009375365 1.1923231 0.4007942 -2.6558821 0.8038441 0.5296683 0.60494936 -0.22660795 0.97012377 0.6022065 -0.97259945 -0.08873775 0.8630002 0.57067925 1.1256578 0.54752076 0.8561793 
-0.14932333 0.027714688 -0.9659 0.33314064 -0.029254317 -0.18948022 0.07515814 -0.49166346 -0.8061856 -0.15806688 0.0017906975 -0.56825703 -0.3146217 -0.028573047 0.083021365 -0.45066604 -0.26379403 -0.31593838 0.41173357 -0.22529727 -0.002279865 -1.2076981 -0.45158514 0.057419386 -0.5004315 -0.6309481 0.10263263 -0.17489973 0.014022339 -0.00895921 -0.014649053 -1.4362557 
0.6695162 0.6295376 0.67901963 0.7503745 0.39113486 -0.035867214 0.89260656 -4.3019958 0.094639555 0.39291933 0.2538852 0.12158196 -0.3204748 -0.254832 0.3155429 0.73577374 0.5380329 0.44777873 2.220688 0.16757758 0.39765295 0.66967785 -0.26760995 0.7125665 0.21405505 1.4260602 -0.31626534 1.0120466 1.0182699 1.3360263 -0.19878595 0.5543219 
-1.0840878 -0.61133826 -2.4251363 -1.1708537 -0.033287533 -0.68604 -0.1863482 -0.15420128 -2.0592833 -0.12648971 -0.32257223 -0.65651834 -0.982127 -0.3830254 -0.589137 -0.6014906 -0.8391513 -1.4115148 -0.05861926 -0.10942728 -0.8886848 -1.1761231 -1.9995072 -0.6798067 -1.6762218 -0.28721526 -0.8155119 -1.2694864 -1.187643 -1.2785268 -0.059208564 -1.1409031 
0.2030301 0.22756268 -0.31065008 -0.11646333 -0.21879165 -0.22810362 0.11859723 -0.30718902 0.54411083 0.39231315 -0.15085217 -0.019766921 0.025357991 -0.19623333 0.6090217 0.26892036 0.065333635 -0.18964744 1.5719563 0.32994944 0.010097592 -0.122245245 1.2789569 -0.034648214 1.4416636 0.052694947 -0.26159242 1.3675268 0.3951649 0.21127291 0.056020398 0.25135118 
0.03684107 -0.3531771 0.18942642 0.24934548 -0.24707516 0.22351205 -0.21287243 -1.2495978 0.059718937 0.00043598807 -0.17879264 0.17692304 0.18155529 -0.20506479 0.3397273 0.09228536 -0.1719045 0.14222063 1.0879221 0.07437977 -0.43545628 0.32523304 -0.7482729 -0.0066667004 -0.09879689 -0.3220067 -0.04044013 0.0012672459 -0.4093345 -0.1894398 -0.437578 0.24301453 
0.37661797 -0.3581466 0.54478955 -1.3691107 0.09133654 -0.856224 0.061664402 1.4580493 -0.13899305 -0.4733254 -0.14568949 0.5826096 0.3024692 -0.21487305 0.04419413 -0.70941466 -0.23686695 -0.9119265 -1.9696426 -0.4496159 -1.4097289 0.6413393 0.42464045 -0.4318342 0.24835917 0.04919246 -0.25244188 0.44069096 -1.1490887 0.057590533 -0.2531672 0.10289812 
0.94136244 0.8212035 0.93422675 1.1076627 1.5007949 0.6584907 0.7425345 -1.3955512 0.64992255 1.0357687 0.55148077 0.4044043 -0.16578965 -0.65850264 1.5707418 1.0968568 1.5440131 1.356642 0.13489163 1.0872103 0.5683577 1.0718936 -0.17253816 1.4078984 -0.8768743 0.049662434 0.48598176 -0.95019096 1.0671489 0.6298949 0.75436443 1.0447762 
-0.21260563 0.2579113 -0.40680543 0.079339825 -0.016490167 0.019306647 0.46079165 -0.44523123 0.2552117 0.18942398 -0.30846196 -0.05734339 0.6109986 -0.5006281 0.08400099 0.06912613 0.36918306 -0.57092893 -0.5462976 0.15267633 -0.91430175 -0.23605056 -0.24189486 0.6006894 0.31630626 -0.7624056 0.14910416 -0.5923885 0.2778518 -0.050451424 0.28582862 0.20341651 
0.8370786 0.09201314 0.50472045 0.89495844 -0.08506495 0.61360896 0.5421799 -0.93999124 -0.25040504 1.4449635 0.42308846 0.7973403 0.039073445 0.23065075 1.3054578 1.2760218 0.66406566 0.3792761 -0.47536498 0.91121817 -0.7088052 0.958855 -0.3263622 1.1308647 -0.41683176 0.55783415 0.20138012 0.09424683 1.0184147 0.620714 0.21260355 0.8828274 
0.65113246 0.40322003 0.47889253 0.6338493 0.35545933 0.54808843 0.6890716 -0.7003767 -0.5325152 0.75819683 0.49949956 0.5157186 -0.2446323 -0.73263186 0.8424714 0.6032486 1.0007739 0.6233302 1.3362159 0.66214466 -0.065732196 1.2294179 -0.18578754 0.64685273 0.07837884 -1.124944 0.35999754 0.2329554 0.7808929 0.38594282 0.4137231 0.9842375 
0.50663453 0.6328845 1.2476876 1.0025141 0.72551626 1.0930824 0.2651272 -1.5144739 0.283849 1.0159111 0.19874622 0.90304595 -0.33463052 -0.778695 0.8274671 1.1735262 0.98935723 0.10664671 -1.0278169 0.8521898 -0.37028778 1.1350108 -0.6831876 1.0965179 -0.12336657 0.6429821 1.1501291 1.1879647 1.147772 0.91910875 -0.056481536 1.2290009 
0.35710526 -0.16347232 0.774068 0.40167674 0.08062596 0.2417035 0.23422185 -0.13961214 -0.8572 0.07119748 0.056722634 0.69181424 0.93147975 -0.39675292 0.17559235 0.33670214 0.3783443 -0.5883928 0.32774454 0.1831044 -0.7073517 -0.25601953 -0.44722104 0.09611422 -0.6392313 -0.30454236 -0.055062044 0.2703739 0.41268772 0.15442489 0.014799167 -0.26118243 
0.5510363 -0.05693691 0.31389967 -0.057396613 -0.2447017 -0.3200144 -0.056794975 1.2197953 0.21635692 -0.49264875 -0.39622268 0.0210732 0.5387878 -0.21074133 -0.06128519 0.12549986 0.09387095 0.11675456 -0.8399095 -1.1560827 -1.2437154 0.57883143 -0.2442401 -0.090976655 -1.0769218 -0.5857649 0.33838877 -0.81407166 0.11634973 -0.20178743 0.056758884 0.35642058 
-0.45687017 -0.68975484 0.5818024 -0.34748393 0.3617312 0.36471966 0.44804847 -1.3820349 -0.1613762 0.42351723 0.19734778 0.27241778 -0.27501845 0.5954558 0.70647144 0.22639279 0.5542604 0.6556489 -0.09327739 0.49028423 0.2553196 0.9417364 -0.46077478 0.51447916 0.35931978 0.64836913 -0.065822735 1.8882551 0.47530714 0.528503 0.12190436 0.6608095 
-0.0133379325 -0.1642658 -0.2436198 0.04912996 -0.16240072 -0.10785292 -0.29805204 0.371429 0.44706059 0.057103943 -0.18575183 0.25553614 -0.8648254 0.06439339 0.10689758 0.15497689 0.05613076 -0.1822745 -0.43620262 -1.2804252 0.07561368 0.2399312 0.32662952 -0.011890241 -1.7036169 -0.34477347 0.040456433 -0.49766994 0.13435456 0.02401405 -0.17902087 0.00075945747 
0.18917626 -0.1271706 0.35778725 0.4429878 -0.00614956 0.6561397 0.13855933 -0.028311823 -0.89849895 0.81055546 0.14471407 0.051169083 -1.276305 -1.2989172 0.71011335 0.44059286 0.45063838 0.30007705 -1.5164282 0.29163912 -0.23912807 0.04627338 0.030834502 0.3330524 -0.79386806 -1.7060654 -0.19930874 -0.31556997 -0.06069443 1.0643779 0.6478937 0.059320096 
0.24591202 -0.07147363 0.503686 0.01082379 -0.023474887 0.17779246 0.77555066 1.0730673 -0.9221858 0.3537109 0.028067442 0.33078918 0.15121002 0.12145453 0.80841 -0.058801256 0.3943111 0.012720515 -2.8058805 0.011758397 0.0438651 0.30647898 -0.6254426 -0.078604996 0.011968535 -0.20051429 0.19131431 0.6982875 0.26080623 0.06527355 0.049481723 0.50308245 
-1.036143 -0.6510535 0.12981366 -2.8191457 -1.8360034 -1.2963005 -1.6103166 0.14930612 0.055848703 -2.2361438 -1.2314022 -0.8932619 -0.2247923 -0.15806639 -1.6884656 -3.0056365 -1.6229362 -1.5671313 -0.4954497 -2.0447152 -0.20375295 -1.3406737 0.24943614 -2.6469254 0.16808064 0.04762137 -0.92853916 -0.6524082 -1.8709456 -2.0334835 -1.5366455 -0.1650478 
0.06927722 0.06596309 0.43231812 0.48904288 0.6834022 0.7928 0.78749216 -1.1600665 -0.48197895 0.6212267 0.01664881 0.5195979 0.17883202 -0.67733485 0.5182984 0.7904229 0.904088 0.55624145 0.0014927374 0.44311392 -0.0398198 0.66666985 -0.5124498 0.68429863 -0.4722319 -0.44073272 0.35687208 0.42730832 0.56930256 0.38425723 0.44141504 0.7818948 
