0.32025793 0.13922028 -0.019545037 -0.0966194 0.16673052 -0.2979623 0.10481457 0.35821983 0.23880865 -0.19846968 -0.18612896 0.33594668 -0.41673878 0.31939262 -0.11051695 0.069893 -0.10358356 -0.45874986 0.38405144 -0.40401378 0.107801534 0.3405621 0.17706358 0.299147 -0.28517035 0.29923835 -0.086712606 0.2317896 0.057259742 -0.28203824 0.079548106 -0.33398762 
-0.40706152 0.36620817 -0.3731393 0.12785667 -0.10325363 -0.033756364 -0.046928238 -0.32060978 0.06926873 -0.24969251 -0.3078181 0.054075632 0.30927482 0.22982436 -0.28489298 -0.46900707 -0.10992531 0.13807216 0.18563454 -0.022830147 -0.20228532 0.5466948 -0.30179936 -0.24006516 -0.21040271 0.26283857 0.09280242 -0.25127637 -0.27548972 -0.1777156 -0.31945857 -0.1391101 
-1.1320368 0.13391683 0.1843677 0.1504674 -0.66106546 -0.88023704 -0.90181416 -0.6143984 -0.75087315 -0.7716399 -0.2706232 -0.10532458 0.06925021 -0.65976226 -0.52658165 -0.49596074 -1.0183282 0.059772655 -1.0477346 -0.30568436 -0.8284859 -0.607108 -1.1591408 -0.78862303 -1.2126707 -1.1160128 -0.8442153 0.21693417 -0.2018107 -0.99178445 -1.1437743 -0.9213101 
0.116413504 0.422563 0.30251953 0.1474623 0.2958024 0.33970425 0.53687215 0.32155716 0.2306997 0.3087725 0.65474856 0.68212914 0.31964007 0.3348083 0.37635395 -0.12615071 0.15047763 -0.03647185 0.28457376 0.13285094 0.29708067 0.20714529 0.27223 0.27381924 0.2912228 0.51890206 0.1765027 0.47098717 -0.35761443 0.33485112 -0.023847077 0.4282279 
0.18094066 0.45407116 0.25354734 0.011378087 0.37478647 0.1549664 0.066821516 0.3109646 -0.003027048 0.18245932 0.10576325 0.34688383 0.3415224 0.21595444 0.30942318 0.27593058 0.1624958 0.1679445 0.28908 0.17872941 0.7304891 0.27942815 0.22126889 0.38971037 0.089987546 0.17474595 0.14281762 0.02985236 -0.38133177 0.082659446 0.64350146 0.25125316 
-0.2620252 -0.30095834 -0.16758165 -0.14649181 0.012013694 -0.19965306 -0.37332335 -0.069789775 -0.49102917 -0.080243744 -0.5681347 -0.2716732 -0.0361836 -0.28952235 -0.2952312 0.06760238 -0.0022851296 -0.44485164 -0.3517494 0.13572071 -0.5161691 0.047282025 0.11135294 0.13020046 -0.33122656 -0.28660145 -0.31334844 0.2135991 -0.24620953 0.17631386 -0.3165902 -0.30731452 
0.5940136 0.16629657 0.5675277 -0.38735196 0.040291652 -0.25997728 0.29614198 0.084304556 0.10977884 0.3840286 0.07435273 0.1077557 0.25025266 -0.016444873 -0.09780895 0.3526285 0.6300185 -0.033137564 0.6880993 0.52374005 0.3015803 0.17157876 0.48245117 0.27039924 0.41666645 0.47649324 -0.07025004 0.58205897 0.19959411 0.48036927 0.2400458 0.19747204 
-0.66297203 -0.060660433 -0.5624739 -0.123794794 -0.08264423 -0.13848053 -0.22852966 -0.035068266 -0.6307408 -0.26302034 0.3307792 -0.052773733 0.019215548 -0.1454483 -0.25911808 -0.15085395 0.20983517 -0.3626552 -0.3257007 -0.50794524 -0.21572976 -0.38177904 -0.41081133 -0.15959065 -0.36744747 -0.27542898 -0.43292558 -0.54193836 -0.044425953 -0.28716385 -0.25070187 0.06627913 
-0.048927043 0.021525899 -0.19612758 -0.57530636 0.07953265 -0.21546729 -0.15740547 -0.26661146 -0.3651822 -0.23531082 0.5191467 -0.21081151 -0.03937247 -0.25551048 0.0902969 -0.36446863 -0.006755726 -0.1604596 0.14391984 0.019195443 -0.13033688 0.44440195 0.047145296 0.07096873 0.05031013 0.34448078 -0.29798943 0.22983603 0.15611233 -0.092015415 0.061086968 -0.37008524 
-0.016031936 0.20091829 0.45968083 0.15079215 0.37960973 0.24177758 0.54331803 0.41927606 0.057856385 0.28013262 0.40026134 0.35228452 0.5002184 0.6451144 0.39830616 -0.1173581 -0.148237 0.27266884 0.46981812 0.47190994 0.19044113 0.08189958 0.44155613 0.48607415 0.10508458 0.355863 0.25323305 0.793145 -0.14019728 0.45986557 -0.067869365 0.33864802 
-0.8589472 -0.6326739 -0.48734725 -0.4853839 -0.67492414 -0.7753528 -0.26870677 -0.52359635 -0.73757124 -0.73954475 -0.5928287 -0.5984952 -0.134128 -0.23861939 -0.32948256 -0.6767505 -0.49844068 -0.047945324 -0.69449717 -0.19786926 -0.7292019 -1.0745792 -0.5158106 -0.5483415 -1.2123417 -0.54549843 -0.67605686 0.1795662 -0.46229905 -0.3821747 -0.8677472 -0.50752485 
-0.55678654 -0.45258626 -0.5851699 -0.3990749 -0.5213251 -0.14213811 -0.088111624 -0.48108658 -0.39374235 0.18902919 -0.6878784 -0.25482208 0.33137402 -0.22262135 -0.3022094 -0.27391985 -0.4733663 -0.3271694 -0.12972985 -0.36144152 -0.23806919 -0.27543807 -0.6335241 -0.48683468 -0.4393137 -0.55535793 -0.20276886 -0.6190291 0.07562441 -0.32415983 -0.22844046 -0.21320418 
-0.14337067 -0.4025022 0.16260697 -0.510752 -0.10721108 0.06692185 0.114067614 -0.6734437 0.07635767 -0.15746018 -0.79061216 -0.57992905 -0.028978506 -0.23297814 -0.24762243 -0.2475194 0.107111655 -0.047482535 -0.69358957 -0.02226387 -0.02259928 -0.004194991 0.008123611 -0.26844576 0.16888933 -0.24480233 -0.6457239 0.22041962 -0.65720886 -0.24528694 0.007045117 0.13304436 
0.05439474 -0.05345921 0.39759347 0.17865033 0.6768329 -0.25335997 0.32618865 0.2808402 0.23731095 0.33183873 -0.67697537 -0.13888356 -0.3035842 0.5662186 0.062487252 0.25431615 0.2857211 -0.26761356 0.040499493 0.7005136 0.07981249 0.3393433 -0.16394639 -0.086901546 -0.1439988 0.21071932 0.30450317 0.24671543 -0.22637995 0.1696077 0.55409956 0.62769693 
0.6491602 0.44557956 0.503901 0.29475307 0.67660433 -0.16368431 0.12328098 0.44070664 -0.19269873 0.5832361 -0.02291581 0.7032078 -0.028937135 0.41209504 0.42904913 -0.005315938 -0.04707638 0.21299721 0.26647615 0.42823678 0.042525094 0.03136415 0.26363903 0.18748571 0.010723031 0.2205836 0.8518779 0.24107929 0.31530064 0.31916824 0.28560606 0.449933 
-0.42921665 -0.060564402 0.13831069 -0.5628007 -0.40020427 -0.21425329 -0.13706367 -0.42556888 -0.4082254 -0.6586259 0.37616518 -0.20406401 -0.09792317 -0.33920923 -0.095956534 -0.23965544 -0.19724847 -0.426825 -0.4719021 0.28325823 -0.46321455 -0.33094078 -0.43929172 -0.19735458 -0.24703486 -0.20527983 -0.2782321 -0.014599356 -1.0590565 -0.75671095 0.23016432 -0.47999108 
-1.1180762 -0.8011969 -0.48811048 -1.2239408 -0.88602763 -0.6698339 -0.49947116 -1.4841576 -0.6990986 -0.96316606 -0.38078138 -1.112487 0.13981466 -0.5718626 -0.33121032 -1.2229334 -0.95832735 -0.050042566 -1.2423493 -1.2163026 -1.5221567 -1.0159354 -1.0950068 -1.1406806 -0.9210281 -0.734158 -0.80123043 -0.3937314 -1.226619 -0.91118056 -0.78289557 -0.6206479 
0.3763817 -0.18349238 0.5374182 0.23982401 0.35168982 0.37379462 0.1078066 0.054389466 0.41296843 0.31802654 -0.45181626 0.19542761 0.15902856 -0.037511487 0.52617115 0.34902927 -0.26661572 0.49611837 0.15954986 0.8487338 0.17345524 0.010971011 0.58303607 0.39199483 -0.025545165 0.3527913 0.3076278 0.287893 0.027990887 0.42957553 0.22653104 0.20242119 
-0.08488696 -0.113015 -0.15562315 -0.2658988 -0.19108427 -0.32645395 -0.2220882 0.016316146 0.057998903 -0.39293283 -0.07411897 -0.2141139 -0.054428995 -0.1896261 0.37955853 0.060338587 0.014231749 -0.08538928 -0.035830043 -0.23239835 0.4543073 0.09604745 0.09485227 -0.20150116 -0.2724101 -0.39411518 -0.2518747 0.22314629 -0.02978226 -0.41057152 -0.36168727 0.3427606 
0.21505481 0.023520712 0.5502427 -0.034170456 0.15930769 0.3763266 -0.021060672 0.6533203 0.0068703187 0.75059146 0.28053248 0.2840708 0.09013041 0.10070172 0.3327169 0.84163123 0.4942853 0.26690412 0.47314945 -0.06542868 0.44102305 0.39763856 0.7037759 0.66267926 0.046143144 0.60547036 0.8220898 0.3258062 -0.09992739 0.1827768 0.3705177 0.9777302 
0.24686421 -0.23865815 0.38755688 -0.15268615 0.3469238 0.2681686 0.42502728 0.010283119 0.45353973 0.5478022 -0.18279053 0.24262355 0.5587139 0.040613048 0.04613777 0.012015205 0.86645824 -0.03617625 0.3377858 0.33698255 0.033993036 0.42828667 0.17745556 -0.008728054 0.00034959204 0.3482547 0.329706 -0.58694077 0.095246635 0.422338 0.40857363 0.3447352 
0.13962762 -0.72433114 -0.2555663 0.18639126 0.082680486 -0.28052288 0.29760265 -0.21449998 0.33326495 -0.21541242 -0.083785035 -0.31748483 -0.1637929 0.08092224 0.2066812 0.104113534 0.09576528 0.3248413 -0.019836294 -0.5706096 0.17651431 0.14042103 0.04469977 0.040268425 0.39261293 -0.048443425 -0.35004985 0.3519324 -0.004930528 0.1722564 -0.10810908 0.19581199 
-0.40121418 0.4727469 -0.68054086 -0.9299109 -0.7963059 -0.13738506 -0.50493914 -0.70577055 -0.5547804 -0.47862372 -0.65948653 -0.8911888 -0.08630138 -1.1634061 -0.41252708 -0.76172054 -0.7929275 -0.6000199 0.18046485 -1.1871847 -1.167389 -0.65661216 -0.74570155 -0.83851856 -0.23974697 -0.672825 0.0098000355 0.057329014 -0.23315117 -0.7654308 -0.92922235 -1.3633789 
-0.5129379 -0.55125076 -0.7003747 -0.16443546 -0.61733437 -0.8534669 -0.4387524 -0.39780316 -0.82408553 -0.44362617 -0.5781896 -0.28859988 -0.09413049 -0.24357522 -0.8335181 -0.73753375 -0.5774951 -0.5058534 -0.33617494 -0.67346776 -0.57751024 -0.6731201 -0.2891357 -0.41716206 -0.8988677 -0.74527127 -0.11983918 0.27183202 -0.050279845 -0.49620372 -0.38989127 -0.9093178 
0.506084 -0.08689563 0.37475866 0.25925642 0.33843765 -0.034580037 0.28026724 0.5878871 0.12693381 0.31148544 0.28861684 0.3415191 0.23760563 0.3479212 -0.1980847 0.3561167 0.11303665 -0.35476562 0.19532526 -0.022864608 0.53732234 0.14864859 0.252225 0.54620475 -0.04424468 0.15786009 0.39258927 0.14391568 -0.40906563 -0.0135331275 -0.051275466 0.12612936 
0.4805506 0.20938016 0.33220825 0.13542643 0.2384312 0.004661262 0.08199117 0.25788492 0.014802575 0.27252343 -0.09004315 0.13665834 -0.09134383 0.6141961 0.70114654 0.36697403 0.14772315 0.24362758 -0.2984351 0.523556 0.030826932 0.2326767 -0.28909153 0.15165496 -0.0022130487 0.07988623 -0.0350871 0.7860218 0.10584278 0.0016583882 0.34001216 -0.439706 
-0.46456927 -0.8150593 -0.092129454 0.26580593 -0.3624753 -0.3890542 -0.79311347 0.4011885 -0.22910278 -0.37171498 -0.9179021 -0.60454607 0.10563967 -0.16104783 -0.07547703 -0.7764459 -0.21261108 0.0349908 -0.72734797 -0.51044047 -0.33536878 -0.64556503 -0.1849727 -0.37966633 -0.8740768 -0.26570848 -0.55418086 -0.3218353 -0.035585526 -0.5017687 -0.22792207 -0.25221798 
0.3184126 -0.09646445 0.35186133 0.2621315 0.21780491 0.2790897 0.34864953 0.3751168 0.4625194 0.4495224 0.39070708 0.1741842 -0.101164624 0.27470943 -0.20698538 0.2586039 0.3745595 0.4985203 0.53567547 0.25769064 0.57375914 0.47801068 0.31338853 0.2690416 0.34489667 0.54312444 0.23819965 0.2415008 0.054112382 0.31909147 0.022879036 0.6575689 
0.50826764 0.07708976 0.07875659 0.04494388 0.41576543 0.21378145 0.28322306 0.042280294 -0.27032125 0.52238804 -0.25013226 0.12359517 0.2338367 0.3191284 0.09756533 0.12391661 -0.23967436 -0.065955296 0.20900764 0.010154415 0.27542743 0.33035836 0.10816236 0.44738704 0.32060245 0.19653533 0.031472467 -0.11475374 -0.13993521 0.6696524 0.71538526 0.20657134 
0.07013892 -0.11598333 -0.10279709 -0.31414902 0.21744972 0.1409963 0.100748494 0.15752284 0.5289491 0.8527917 -0.087762415 -0.04533784 0.4964136 0.13614318 -0.2291884 -0.18810228 -0.015823118 0.509632 0.59650064 0.32492235 0.022446724 0.24145485 0.4653891 -0.11689954 0.61988443 0.10637437 0.4990865 -0.61652386 -0.26442963 0.4185071 0.5168581 0.55738974 
0.08531454 0.02471657 0.012374826 0.18992282 0.51566213 -0.010973939 0.43528894 -0.20165025 0.04048081 0.3748177 -0.043943506 -0.109857224 -0.20547833 0.48494717 0.7942961 -0.021647621 0.22677037 -0.04629926 -0.27220806 0.81494904 -0.36200574 0.28471223 0.2521537 -0.14182903 0.5114165 0.0118555445 -0.19813243 -0.0047892216 -0.013675449 0.49646276 0.13325882 0.24696116 
0.39284077 -0.09963375 0.4294341 0.17407748 0.6447892 0.56435406 0.8455272 0.45191348 0.4667394 0.58958244 -0.00603586 0.57477534 0.20307477 0.30920202 0.11627957 0.33600324 0.6124211 -0.17463012 -0.0074884435 0.26879844 0.6447222 0.5907214 0.45501998 0.6790294 0.063083835 0.76671505 0.44319907 0.06793089 0.54467076 0.59859127 0.1689144 0.5486051 
0.15915287 -0.006938899 0.69576865 0.33760044 -0.0037711586 -0.2085436 0.04800218 -0.24980794 0.47562423 -0.2666595 -0.034635987 -0.27212813 -0.022914208 -0.23032896 0.042902708 0.33120602 0.15339176 -0.30922258 -0.21273194 -0.09206983 0.20951802 -0.19073385 0.34295124 -0.14377159 0.17162998 -0.12848763 -0.50035083 0.27095762 -0.24882895 -0.37574986 -0.1355237 0.09858939 
0.3081581 0.09442231 0.06307656 0.103896536 0.398579 0.40429762 -0.09600684 0.77817464 -0.47709516 0.2026014 0.15829352 0.27492505 0.17502461 0.32785434 -0.12884033 0.07561981 0.033373047 0.51195854 0.7782238 0.33882478 0.0896729 0.64701813 0.54571706 0.2973339 -0.03509885 -0.0005414412 -0.026017895 -0.04428629 -0.27805176 0.39950207 0.40712652 0.037371702 
-0.3072125 -0.5754603 0.28612426 -0.7296334 -0.26355192 0.1629603 -0.017534139 -0.38408703 -0.6890576 -0.22495171 -0.093973845 -0.32764298 -0.24683921 -0.26144135 -0.09403065 -0.31731272 -0.30324534 -0.116316885 -0.5212104 -0.17980869 -0.5714563 -1.0433621 -0.29427117 -0.23476546 -0.66291165 -0.16415162 -0.41126853 -0.12366088 -0.11117185 -0.12718222 -0.57886624 -0.47880474 
0.092117414 -0.04310151 0.7400881 0.07440003 0.042957135 -0.10383183 -0.0012487374 0.46577975 0.4837174 -0.085480355 0.14020106 0.20179701 -0.04453847 0.10538628 0.092379294 0.3314048 0.0045432122 -0.4860298 0.26506212 0.19988257 0.12069417 -0.033226546 0.34576944 0.071852855 -0.0040429826 -0.059326846 0.12738492 0.2810267 -0.58876246 -0.32344097 0.31252453 0.24699149 
-0.2864041 -0.15465592 -0.3336966 -0.27046502 -0.47316992 -0.5084082 -0.7307545 -0.5915616 -0.5624389 -0.28936824 -0.8265203 -0.41974437 0.013795147 -0.5181803 -0.40952933 -9.872276e-05 -0.4525382 -0.57266444 -0.18718374 -0.6758659 -0.22694877 -0.49975213 -0.34208605 -0.3571099 -0.36222556 -0.36782157 0.09611164 -0.64187115 -0.9418467 -0.39371347 -0.24326496 -0.11961632 
-0.3605503 0.16397747 0.0058691674 0.5576238 0.37755507 -0.4230491 0.30863896 0.0028720188 -0.20372413 -0.36303744 -0.31518203 0.29426834 -0.08645187 0.44584858 0.3152552 -0.027298708 0.2735932 0.2785149 -0.12904927 -0.10834219 0.15060224 0.68567914 -0.29013917 0.3036202 -0.46545568 0.077816024 -0.29418105 0.19194564 0.22454512 0.4362385 -0.00026284292 -0.051268283 
0.2904698 -0.24770908 0.34778187 0.14659439 0.0146885775 0.5265167 0.14199503 0.022158263 -0.28221774 0.2929439 -0.29217562 -0.13926362 -0.15553786 0.3683056 0.10374034 0.5659841 0.09325306 -0.17861637 0.16432436 0.38344455 -0.084263206 0.014250746 0.29538947 -0.27822033 -0.2830686 -0.11908421 0.10389382 0.6573157 -0.20828386 0.36849356 -0.43349215 0.01454915 
0.2431598 -0.4396001 -0.6173742 -0.4092005 -0.06223321 0.3427256 -0.22132334 -0.13016312 -0.24244872 0.06702458 -0.47751716 -0.14301862 -0.37332764 -0.19907275 -0.25913742 -0.3136731 0.07726692 -0.68760175 -0.29104844 -0.1766876 0.08744408 -0.10525216 0.24419692 0.14053099 -0.6023532 -0.1975061 -0.40164742 -0.31356326 -0.6070128 -0.014929137 -0.15543482 -0.4644824 
-0.73296154 -0.24959119 0.10522429 -0.1862925 -0.09416577 -0.5723111 -0.15302692 -0.44227758 -0.00041768354 -0.36027482 -0.13724224 -0.0034751403 -0.1544146 -0.16832063 0.103894934 -0.103578866 -0.123047434 -0.59935135 -0.46765 -0.64757043 -0.23342012 0.42245692 0.17037845 -0.17490545 -0.16942386 -0.3032075 -0.31980985 -0.39563638 -0.16152565 0.022454884 -0.2635297 -0.17088614 
-0.06276448 -0.47639766 0.3723028 0.050617572 0.26791698 0.061898343 0.47731158 -0.12196923 0.11147457 0.3529903 0.06639385 0.14985314 0.54479027 0.11519211 0.21758504 0.029303579 -0.06394927 0.083229855 -0.1537256 0.36615807 -0.008683662 -0.06406627 0.12339948 0.1294245 -0.022851337 0.3240364 0.24792053 -0.24622037 -0.12874304 0.1902991 0.4599219 0.3150586 
-0.39617798 -0.83667195 -0.04635687 -0.99987704 -0.5627477 -0.07051454 -0.6353643 -0.49913186 -0.03160153 -0.68024004 -0.7279513 -0.8912574 0.112426676 -0.8836092 -0.24191506 -0.5382285 -0.4709634 -0.24713522 -0.65791416 -0.50564766 -0.75462294 -0.049398147 -0.2592826 -0.20872891 -1.2347547 -0.39259595 -0.606872 -0.5908551 -0.22946373 -1.0043367 -0.49553385 -0.8357756 
0.26633584 0.048102476 0.5212234 0.12156103 0.49732518 0.4554733 0.37274557 0.6751065 0.5946133 0.9207445 0.34684202 0.32957017 -0.028357834 0.70065033 0.27935934 0.19483127 0.32448936 0.60645986 0.59100795 0.86836267 0.55112624 0.09034854 0.3905725 0.26833364 0.3455074 0.31295446 0.54283255 0.3354204 0.41003084 0.43205798 0.42551413 0.83006245 
0.078316234 -0.2199488 0.39409086 0.050991043 0.22646418 0.09139968 0.18074776 0.21952997 0.44904327 0.5539701 0.43180966 -0.015707415 0.009129974 -0.047698606 -0.3260294 0.007960682 0.09331294 -0.15772511 0.2200298 0.4113096 0.1351002 0.40918833 0.4016017 -0.031038499 0.32342714 0.36331075 0.2699684 0.19390655 0.17054608 -0.13937856 -0.34702376 0.06876556 
0.30946594 0.08993927 0.052461494 0.15600698 0.38012457 0.19388509 0.59651065 0.47331175 -0.0028634933 0.20654227 0.18023244 0.13976903 0.14998169 0.46490508 0.05023248 0.4213403 0.050088707 0.056283597 0.08299193 0.15258996 0.18953551 0.5818273 -0.5538654 0.2728712 0.24485552 0.5283643 0.1967026 0.46562043 -0.038593613 -0.11397026 0.106265225 0.6487554 
0.5397092 0.2281505 0.13785785 0.29509676 0.45542136 0.32451814 0.2686144 0.8888111 0.11765888 0.5754817 0.29505706 0.23825537 0.39931938 0.6334163 0.8399999 0.47333458 0.3295552 -0.0584562 0.22239748 0.08766773 0.34891355 -0.1366075 0.122181684 0.11216768 -0.14118825 0.4054689 0.5822764 -0.49306858 0.3263309 0.57627183 0.08157495 0.68068457 
0.07872306 0.2520034 0.4470246 -0.3339027 -0.6437572 -0.1365854 -0.20835535 -0.3847086 -0.7779716 0.25350305 0.09727771 -0.40371063 0.34504598 0.14725943 0.24305473 0.48690444 0.14674988 -0.405881 0.2832758 -0.12700155 -0.58305466 -0.4705013 0.3602476 0.042382967 -0.17266792 -0.3568609 0.029668648 -0.08257129 -0.48932242 -0.11875675 0.37311035 0.31233117 
-0.031093985 -0.32662544 0.218781 0.5180826 0.35416472 0.17976327 -0.14553584 -0.122146904 -0.039530568 0.36832353 0.38496044 0.46027744 0.01833402 -0.28242022 0.12673137 -0.113593936 0.17753054 -0.20459978 0.25330064 0.1430249 -0.01499324 0.34860516 -0.3043795 0.036125757 -0.022505382 -0.15874372 -0.22021735 0.11801338 -0.34909046 0.3503004 -0.21001577 -0.40979657 
0.39835042 0.11309663 0.06832345 0.22292225 0.094691075 0.007451238 0.1990997 0.5603286 0.08799518 0.48424047 0.55457705 0.33215463 -0.004713812 -0.15292573 0.2574041 -0.006276109 0.18928528 -0.12289562 0.5852205 -0.01591742 0.15776922 -0.29318896 0.4447065 0.25249937 -0.22615518 0.31919786 0.19914134 0.16725188 -0.3062146 0.2634346 0.11102266 0.04738882 
0.18825746 -0.063161686 0.22058442 -0.21117151 0.022692563 0.02341564 -0.06276699 0.39775735 0.23318253 0.11943303 -0.14060071 0.07359359 0.29033712 0.3039509 -0.13788532 0.17559732 -0.023361262 0.14801106 0.38745502 0.9567228 0.042823564 -0.17217715 0.24800204 0.25249514 0.03943871 0.060944904 0.3056648 -0.21034616 0.36845446 0.33402807 0.2774196 0.30595273 
0.2145143 -0.70034456 -0.12093764 -0.22645195 0.09716872 0.060381915 0.09132579 0.47336954 0.2703608 0.016047636 0.08495888 0.20032823 -0.18076088 0.12226578 -0.3536074 -0.079289116 -0.1541848 -0.039843608 0.44038853 -0.4133624 0.15908659 0.29510474 0.0048976876 -0.31725362 0.0010016282 -0.023041928 -0.08219316 0.20667356 -0.42869928 -0.06940975 -0.009857689 0.27568772 
-0.55054265 -0.018844325 -0.28964067 0.07916438 -0.065651394 -0.08365731 0.11487447 0.15534557 0.027546233 0.4623935 0.589997 0.12330698 -0.00972867 -0.3202475 -0.5814843 -0.14779149 0.024460472 -0.067130044 0.27558494 0.02892282 0.2928169 0.057548173 -0.14087613 -0.16663866 -0.33058655 0.34203166 0.05331924 0.5652733 -0.5943911 -0.1365036 0.326783 0.27916843 
0.3632396 0.61844784 0.51345325 -0.0105371745 0.22570603 0.06426273 0.36749443 0.5116237 0.12052541 0.44570643 0.51021045 0.774795 0.49275547 0.30860618 0.30856612 0.24946354 0.30089825 0.38557366 0.38136068 0.99501574 0.88895833 0.33713618 0.44541052 0.09453524 -0.16982037 0.6210356 0.20128003 -0.33266255 0.24877213 0.101518564 0.17000702 0.018229585 
0.7606481 -0.043989733 0.46788675 0.10611539 0.54634565 0.17999901 0.098949604 0.49932823 0.42597604 0.08206985 0.6167819 0.048862707 0.112607166 0.18377662 0.3918008 0.27640736 0.35221395 0.7343502 0.22925796 1.0323821 0.29957575 0.1733471 0.27721727 0.08268323 -0.09188899 0.120211385 0.5616937 -0.09398925 0.15366177 0.6598181 0.09321068 0.5951228 
-1.461455 -0.53763545 -0.6637115 -0.9819046 -1.0239818 -0.47754234 -1.159396 -1.0197297 -0.83132696 -0.5764078 -0.26686454 -0.75293386 -0.13421455 -0.8777933 -0.7565394 -1.1046299 -1.0404222 -0.41870406 -1.4858378 -0.64842194 -0.61121124 -1.3089082 -0.7647806 -0.80347764 -1.2976422 -1.0273792 -0.30721146 0.12102911 -0.5652109 -0.70012945 -1.2733811 -1.1620713 
-0.24406242 -0.45796463 -0.0022433084 0.46810248 0.16015786 0.01841421 0.254831 -0.21249443 -0.03999895 0.14862674 -0.106396824 -0.2150332 0.0961281 0.04169804 -0.11188951 -0.23230475 0.31276643 -0.3423613 -0.024432816 -0.24954557 0.25156564 0.05181581 0.111726716 0.102261685 0.1916619 0.16201505 -0.03143087 0.06408106 0.12380889 0.17317219 0.17289919 0.35250926 
0.17116575 0.09515354 0.6471229 -0.11136486 0.4092867 0.44476742 -0.020211514 0.7670115 0.75688004 0.15884057 0.15244725 0.41116387 0.19105326 0.38460138 0.16036935 0.5083431 0.22149864 0.15779842 0.07437269 0.31563297 0.5553925 0.29552644 0.37053046 0.25025192 0.07278308 0.1631266 0.46236923 0.3015326 0.3198338 0.031443946 0.44876963 0.25030985 
0.38014433 -0.0473015 0.26137906 0.6017004 0.32012698 0.17903392 -0.06643205 0.27244806 -0.054095037 0.23337708 0.4201946 0.34361574 -0.09290274 0.20911199 0.20476735 0.07877155 0.58696705 0.051743526 0.27710235 0.38309616 -0.17672493 0.33761942 0.007085705 -0.013524581 0.24954583 0.03154968 0.4143431 0.03800385 -0.16118443 0.18839315 0.3295047 0.3811348 
0.5536735 0.45598948 0.052232616 0.30796573 0.13575314 -0.10649522 0.57128865 0.55071145 0.42442197 0.5851223 0.70093143 0.5921727 -0.055615604 0.7660502 0.10466673 -0.014646987 0.117951676 0.12166653 0.48982126 0.64172775 0.6255405 0.5037385 0.62571555 0.23322104 0.1550204 0.47519705 0.42834136 -0.121545985 0.49403524 0.91179895 0.27156982 -0.004752075 
0.1132153 0.3344654 0.34477323 0.3209492 0.63575435 0.076926485 0.005981745 0.38578853 -0.15775664 -0.050141074 -0.14653714 0.39497876 0.5973393 0.53273964 -0.07899942 0.42403415 0.09727697 0.041424654 0.25263414 0.49187273 0.05053293 0.23906381 -0.421582 0.35507643 0.23625547 0.2981453 0.5948827 0.43814224 0.030624142 0.39165613 0.40950862 0.5409886 
-0.19371186 0.12100593 -0.042999834 -0.09871028 0.19749941 0.11086305 0.19113328 -0.0662308 0.13870399 0.37650287 0.04424084 0.07487998 -0.25317353 -0.059871323 -0.21386111 -0.19225617 0.05435867 -0.5038581 0.25841787 0.07194937 -0.062495705 -0.08286116 0.1581329 -0.2554163 -0.15575047 0.19751455 0.26259932 -0.18424886 -0.62707627 -0.092295654 0.10175495 -0.06508229 
-0.097504236 -0.34320155 -0.15002912 -0.28409517 -0.4584149 -0.102227025 -0.16142863 -0.06287388 -0.44914648 -0.42143875 -0.07812652 -0.3808363 -0.06898768 -0.6661448 -0.07302982 0.147467 -0.59568757 0.27985495 -0.53573895 -0.31310603 -0.26543278 -0.38230515 0.42661747 -0.11475455 -0.45175767 -0.5870282 -0.0656726 0.16761021 0.45288324 -0.12081326 -0.47575906 0.304987 
0.085825555 0.24434061 -0.018832106 0.38202202 0.2715071 0.60458034 0.32371375 0.21626206 0.3097391 0.19099848 0.15815155 0.34417388 -0.026366105 0.47948435 0.12574449 -0.11956676 0.008016637 -0.010931924 0.17200582 0.42221326 0.29741454 0.49269813 0.5353143 0.077120125 -0.031600736 0.33796868 0.310699 -0.24831362 0.09244658 0.4687371 0.33493906 0.27544644 
