-0.0128637245 0.07746331 -0.002584267 0.11558041 0.026290452 0.5015464 -0.13842072 0.31815538 -0.0075579607 0.17968121 -0.13989508 -0.43250024 0.20217362 0.44471243 0.06960188 0.15838197 
-0.31216875 -0.018640118 0.31138253 0.39006466 0.8182424 0.028290782 0.022043632 -0.40547028 -0.4598005 0.37964556 1.113 0.096443586 0.28142813 -0.2301162 -0.36826724 0.017076349 
-0.14822458 0.04540574 0.3931927 0.12832636 0.26583236 0.023392864 0.072037436 0.84063196 -0.1370939 0.15439144 0.73934287 -0.014175233 -0.12891616 0.12887108 -0.1998575 -0.08433095 
0.3357012 -0.00935613 -0.43584043 0.046789158 0.051167894 -0.06792916 -0.28057638 0.32530102 -0.16966298 0.52565485 0.413946 -0.034783784 0.0569897 0.1507912 -0.3566759 -0.074460275 
0.14534645 -0.14627497 -0.3014601 0.45274553 0.32959864 -0.14856024 -0.098265596 0.43162298 0.24411896 0.17883234 0.32398435 0.3078745 -0.041170295 0.06576524 0.43454427 0.19456054 
-0.25595155 0.028396476 -0.13101055 0.3442069 0.5013786 -0.055356674 0.0074752797 0.12560938 -0.022527283 0.4055954 0.85946286 0.31382132 0.16663045 -0.68078893 -0.048474465 0.32253188 
-0.033231523 0.39378786 0.141147 0.15301704 0.3862819 0.49607196 0.21300499 0.12406288 0.1011504 0.55278254 -0.09735448 0.1707261 0.25744015 0.5307119 -0.011027968 0.39432615 
-0.008638941 -0.07097216 -0.34523493 -0.17298953 0.44966167 -0.16782592 0.1154741 0.5246449 0.057580408 0.4605773 -0.2909853 -0.1716358 0.057596084 0.32362348 -0.24546485 0.24054597 
0.06987925 -0.09642469 -0.3137411 1.0262641 -0.034432244 0.22811761 0.1803339 0.9476942 0.6021254 0.2599775 0.074475124 -0.05049642 0.14361314 0.6459851 -0.2618052 0.63127303 
-0.09013124 -0.052585144 0.48446208 0.50140613 0.08608094 -0.095575705 0.059135035 0.36924985 0.18226123 0.32405075 0.5751956 0.017534724 0.23163672 -0.05796214 -0.15931256 -0.10568984 
-0.3402839 -0.063645124 0.08014818 -0.40392387 0.03258366 -0.026392829 -0.147022 0.5200803 -0.4310333 -0.051547717 0.71847594 -0.072989464 -0.34600455 -0.9531104 0.38117036 -0.009335867 
0.3279847 0.050367404 0.08093198 0.13887477 0.19094048 -0.07351178 -0.10937018 -0.054703202 0.41740057 0.016433718 -0.16240962 0.3937099 0.11443664 0.6893593 -0.5710444 0.18992026 
-0.3432391 -0.026232848 -2.8033726 -0.7427219 -0.07126182 -0.033053182 -0.27770728 -2.9041123 -0.51453555 0.082370475 -3.3491466 -2.3154678 -0.023727775 -0.024743348 -2.0199533 -0.029938404 
-0.26860616 0.045235585 -0.042083893 0.27458683 -0.17986457 -0.14473996 0.033880737 -0.12582259 0.4272218 0.26087135 0.41898194 0.29549778 0.05016278 0.109350085 -0.007847781 -0.40325996 
-0.5741247 0.29678383 0.30457062 0.19850782 0.0808039 0.09973485 -0.044612333 0.52510047 -0.28844073 0.63365316 0.6829042 -0.028050879 -0.5756122 -0.2330687 -0.39601403 -0.002510346 
-0.18633954 -0.012978347 0.23986824 -0.24505216 0.6816658 0.16440065 0.07221975 0.14749359 0.027747314 0.28873178 0.23981522 0.35826856 0.63109887 0.36124846 0.15068512 0.059572753 
0.1570211 0.10958228 0.05179809 0.040409643 -0.17697452 0.15172833 -0.23565286 0.5460178 0.4526647 0.24588694 0.1801667 0.037138324 0.05506937 -0.0010028541 0.09580026 0.07627862 
0.18192123 0.06134601 -0.2096562 0.041878857 0.18324287 0.15546091 -0.023739945 0.49273637 -0.538807 0.43719187 0.52085966 0.060118083 0.14558771 -0.5115527 0.47524685 -0.20573255 
0.09824423 -0.102314904 -0.283532 0.30387288 -0.07625085 0.42268765 0.560524 0.22612786 0.088140726 0.16453856 0.013064425 0.10882785 0.27197108 0.20192936 -0.6083347 0.6250272 
0.1424728 0.23479716 -0.35481304 0.11753947 -0.71840453 -0.28388327 -0.103641875 0.81477505 0.15800203 0.025912011 -0.015622843 -0.15718639 -0.44656602 0.046052895 -0.39021358 -0.22411118 
0.5384119 -0.5883916 0.06505835 0.329553 -0.18613681 0.61211854 0.21789497 0.28790998 0.2151741 -0.12510084 0.21805514 0.047400646 0.2584368 -0.014851167 0.15341964 0.47746426 
0.23145005 -0.2251897 0.65806437 0.07486987 9.477455e-05 0.749323 0.56284994 0.6010677 0.10582158 0.24658093 -0.22129808 0.40413 0.47633138 0.13699684 -0.44046634 -0.14037119 
0.1253406 -0.2888354 -0.29854226 0.6350125 -0.30992746 -0.0038537635 0.18926692 0.16288626 0.1656754 -0.039430574 0.41817975 0.2559353 -0.061213966 0.023462676 0.019979069 -0.015880112 
-0.17587008 -0.051855326 -0.13070767 0.5773053 0.30364358 0.114569254 0.02672268 0.08249319 0.1926855 0.33211023 -0.15304348 0.39469135 0.119679034 0.7753522 -0.3513834 0.41124296 
0.31030792 0.04235209 -0.33479813 0.72269195 -0.3990405 0.084316514 0.08416356 0.33623964 0.15603778 0.13949136 -0.124356516 0.20797011 0.18580729 -0.11979058 -0.2914555 0.24860033 
0.15242063 0.028176446 -0.25098172 0.3581978 -0.051985722 0.29808635 0.12640552 0.36275822 0.19636258 0.06814873 0.6404917 0.5471274 0.23262666 0.045194577 0.16609827 0.09002352 
-0.031497095 -0.17335716 -0.006506908 0.022745939 0.24867117 -0.19045626 0.100708805 0.36003396 -0.3593965 0.44162622 0.1693011 0.34347957 -0.12596995 0.015618912 -0.13804117 0.19467558 
-1.3291587 -0.4564809 -0.98970115 -1.6732967 -0.3982546 -0.01592543 0.098121665 -1.1726445 -1.1108938 -1.0429608 -1.1680021 -1.2497712 -0.35563114 -0.6498829 -3.276282 -0.28121158 
0.49911818 0.038683753 -0.20359112 0.26439923 0.516268 -0.5728564 0.23645644 -0.09638104 -0.17033114 0.27390352 0.24700792 0.18632114 -0.23665139 0.28107616 -0.6135269 0.018420396 
-0.06285576 -0.2749695 0.51675093 0.70735466 -0.4460298 0.059417948 0.12767509 1.1260172 0.69485253 -0.39557916 0.22599187 -0.4515728 0.07575831 0.04064261 0.3761352 0.1832276 
-0.10869143 0.0067572636 0.064768806 0.50766623 -0.33902782 0.21307065 0.049028244 0.34365034 -0.20422289 0.199394 0.20326418 0.45839682 0.27576107 0.1486057 0.065797225 0.35575187 
-0.20381732 -0.33260927 0.22682759 0.36270532 -0.8271202 -0.18096335 -0.054940466 0.4598399 0.28064528 -0.056448173 0.7005579 -0.3123986 -0.0896117 0.27348912 0.36844 -0.06073987 
