-0.70285666 -0.1536985 -0.6031562 -0.2800036 -0.18614219 0.13514958 -0.17753729 -0.6521271 -0.11847276 -0.24536073 -1.1210054 -0.5274953 -0.7540896 -0.34452945 0.1213651 -0.2965882 -0.24244758 -0.3345779 -0.043727264 -0.03074314 -0.7440981 0.050704114 -0.15644813 -0.1633437 -0.39700806 -0.37327126 -1.0380777 -0.4811716 -0.30353034 -0.26378715 -0.5200164 -0.51352465 
-0.27277607 -0.6419996 0.26047626 0.29519865 -0.08130984 0.17532791 -0.1327383 0.13093837 -0.60076433 -0.12275313 -0.14552414 0.12252272 -0.25543362 -0.26335323 -0.16908914 0.4173919 0.13801646 -0.25100088 0.4054781 -0.26037636 -0.49105123 -0.09582015 -0.13694735 0.2210115 0.16695268 -0.024574049 0.30425197 0.5177 0.08930792 -0.24283117 0.0009754521 -0.42639813 
0.20793886 -0.12649685 0.14132716 0.31378877 -0.10952538 -0.29869482 0.2891272 0.026802436 0.47892186 -0.2293382 -0.30037528 -0.47812316 -0.8309785 -0.32063767 -0.30709562 -0.11488661 0.31820855 -0.16410623 0.19122547 0.48530573 0.42883113 0.415046 0.17020397 0.76802355 0.12893948 -0.09093741 -0.16483755 0.053517364 0.28383425 -0.24066235 0.2770631 -0.03655878 
0.14667937 0.006261088 0.38670823 -0.33361605 0.1577631 0.06898977 0.2135527 -0.051473994 0.16821292 0.19355609 0.18380842 -0.36002928 -0.107035264 -0.048287768 0.27256358 -0.13086022 0.34025842 -0.26502118 0.02878121 -0.041619636 0.40082884 -0.06854812 0.32528856 0.45806727 0.32757175 0.31179774 -0.06480508 -0.0004003923 -0.13716939 0.21653207 0.10340413 0.41880462 
0.3744973 -0.016291363 0.12609626 0.09357271 0.027643815 -0.5701495 0.16155794 0.08847443 0.6835576 0.35391828 0.4573467 0.022528209 -0.5719495 0.3601507 0.24589968 -0.019398833 -0.14197214 0.23221937 0.11822935 -0.20580481 0.31352803 -0.17104252 0.074194305 0.036782525 -0.17330858 0.053883184 0.7338449 0.110746734 0.054633617 0.32266036 0.37139377 0.12600197 
-0.2678446 -0.26633844 -0.024592439 0.2957883 0.1135814 -0.5941537 0.086857446 0.077794716 -0.2538396 -0.029659469 -0.055459987 -0.72322786 -0.21460737 -0.27362695 -0.2817435 -0.7257839 0.23177116 -0.47888643 0.28213492 -0.6521712 0.08114873 -0.53053993 0.15133016 -0.050990436 -0.34772512 0.1385571 0.04113933 -0.24219134 -0.040081527 -0.005908932 0.22753455 -0.42512813 
-0.25368637 0.04813728 -0.1792083 -0.44878352 0.25248954 -0.10598513 0.8232437 0.19055969 0.43651676 -0.38608384 0.2319356 -0.09384682 0.018669456 0.5073373 -0.34499434 -0.41841692 -0.18471402 -0.0785948 0.4242313 -0.21645933 0.6051671 0.2488096 0.26128083 0.060118563 -0.09352121 0.03998444 -0.021850169 -0.04843273 0.49161762 0.42344502 0.048440475 0.054198258 
-0.44632617 -0.16997817 0.01181956 -0.2296598 0.46422377 -0.32869092 0.22961734 0.4572382 0.18056275 0.3614917 0.6455026 -0.22468542 1.1357881 0.5437471 -0.11806079 0.15707152 -0.14537139 0.17510626 0.10647386 -0.08334596 0.7421868 0.58293146 0.28434393 0.15160699 0.44213387 0.4018333 0.6223714 0.340033 0.29431143 0.39891386 0.30584106 0.3164373 
0.02808903 -0.05756011 0.13769303 0.524912 0.6729802 -0.16663522 0.88567936 0.031383585 0.46220082 -0.011314047 0.2092548 0.22732008 0.09804904 0.53401786 0.19107716 -0.084227234 0.26496562 0.16186842 0.4002921 0.28870595 0.6196203 0.3261201 0.47043097 0.5186693 0.1780913 0.4747003 0.34274372 0.23984112 0.41425103 0.97281766 0.48597714 0.4667045 
-0.1915593 0.2575707 0.32460338 -0.5280537 0.5327752 -0.39280903 0.13497066 0.49489522 0.2788412 0.30216542 0.44127563 -0.16111505 0.27245247 0.27866358 0.73719525 -0.3628702 -0.0006966587 0.051796503 0.53503907 0.04250727 0.32899484 0.36819386 -0.056806806 0.42029393 0.2833294 0.35126498 -0.030107072 0.31819433 0.11716665 0.27510837 0.16609864 0.35292295 
-0.16441938 -0.06685821 -0.21519797 0.5314119 0.18527408 -0.66368634 -0.37143084 -0.5247026 -0.62963474 -0.05448822 8.6104e-05 -0.72626483 -0.47483465 -0.30410147 -0.1857227 -0.40818322 -0.04557086 0.114245936 -0.17941049 -0.17997023 -0.7201807 -0.39367595 -0.17980397 0.09360927 -0.39516225 -0.30341923 0.16311201 -0.5589017 -0.10943282 0.07978714 0.30460855 -0.1878886 
0.29110986 0.07933526 0.07346505 -0.14966892 0.55089456 0.18821733 0.6805738 0.32126886 0.50750667 -0.0337162 0.6209213 0.033199452 -0.0022835403 0.8381949 0.010843815 0.11310399 0.47016016 0.6405921 0.3704272 0.27121466 0.09952912 0.24804288 0.35106224 0.36428687 0.20961131 0.47554544 0.58829576 0.27173388 0.76232594 0.50324637 0.7159931 0.38435423 
-0.015957922 0.31202126 -0.12987034 0.26148736 -0.21741657 -0.37414658 0.35063314 0.8241816 0.6451055 0.43754318 0.250523 -0.5171158 0.3584297 0.62233 0.2123521 0.40392622 -0.3867632 0.54399276 0.7634833 0.6752359 0.81702995 0.7323296 0.39589226 0.1350133 0.8470831 0.13542263 -0.107579686 0.4293628 0.456476 1.1005787 0.64508516 0.42458558 
-0.76061267 0.049056824 0.3035256 -0.16410688 0.14000194 0.2576134 -0.3110345 -0.44418943 -0.37801895 -0.081043266 -0.56753933 -0.23695117 -0.56666225 -0.1432369 0.2881371 -0.3334523 -0.0070234174 -0.17035645 -0.409745 -0.38861126 -0.18302108 4.9274113e-05 0.33044437 0.07919878 0.034768466 0.04447872 0.11686589 -0.5615198 0.25270045 0.16976434 -0.13272975 -0.28219637 
-0.8939963 -1.3264799 -0.79534 -0.22153923 -1.0450052 -0.6841089 -1.3083959 -1.0614392 -0.6363297 -0.49459884 -0.9050643 -0.7252618 -0.9041208 -1.055029 0.079047054 -1.0145639 -1.1346627 -0.74721783 -0.62886435 -1.1239176 -0.91013366 -0.656425 -1.2672598 -0.59668916 -0.73246557 -1.2776381 -0.72307783 -1.1208816 -1.4774225 -0.20198287 -0.6956895 -1.33731 
-0.1480898 0.3221155 -0.16104099 0.42863154 -0.2680526 0.11979303 0.24793863 0.46520233 0.04735925 0.3460342 -0.10129057 -0.36096904 0.026931375 -0.2068693 0.26360667 -0.04428765 -0.12570292 0.38674685 0.44605857 0.29115197 0.6063744 0.04809093 -0.07491715 0.43408132 0.42920277 0.09270591 -0.19225508 0.34657857 0.23138101 -0.1788387 0.538776 0.43359935 
0.12829308 0.27822354 -0.32911348 0.26779556 0.30579764 -0.8046839 -0.03401501 0.3709508 0.5665209 0.12473934 0.41212243 0.40737718 0.31152064 -0.07165045 -0.15129952 0.44882578 -0.2761705 0.13755277 -0.12523246 0.09113592 -0.0731923 0.28804457 -0.009480954 0.029650949 -0.0013248974 -0.31290922 0.32626596 0.16152187 0.39609203 0.0815284 -0.052470706 0.43771356 
0.45293576 -0.027315583 -0.12204296 0.5714026 0.11530023 -0.24714904 0.30948958 -0.10276788 0.083653755 0.504527 0.09842156 -0.057348102 -0.14511429 0.0085963085 -0.31202856 0.73242855 0.033798415 -0.16330828 0.62462026 -0.1731576 0.12611301 0.29907647 0.23029058 -0.08429282 0.27744937 0.5321069 0.75357115 0.20292863 0.336329 0.58308893 0.6096982 -0.043478724 
0.46936408 0.327521 0.07474649 -0.76870763 0.0194821 -0.42865673 0.61621016 0.6027611 0.6070107 -0.357307 0.37499323 -0.17814393 0.34599662 0.23386952 0.20384292 -0.052704275 0.22987488 0.7146507 0.17543085 0.40002602 0.39067262 0.12487876 0.38281202 -0.043148484 0.2308791 0.057090025 0.37281182 -0.0178182 0.35066336 -0.41045156 0.31739387 0.29548377 
-0.96164596 -0.6177044 0.21286774 0.16874255 -0.25737163 -0.78815913 -0.14775744 -0.69306076 -0.3540981 -0.30689293 -0.52025706 0.039835896 -0.700826 -0.14896023 -0.20636347 -0.6079277 -0.07413171 -0.24709181 -0.6041158 -0.010981505 -0.5361719 -0.5364818 0.22631828 -0.8398483 -0.53201026 -0.27723297 -0.540814 -0.30121803 0.25178397 -0.04627119 0.20471486 -0.70347995 
0.45308244 -0.006396748 0.31411007 0.4682501 0.40953648 -0.39622033 0.3673813 0.59174645 0.32950664 0.29428226 0.5255886 -0.21568796 0.5492601 -0.265234 0.23491786 0.46867165 -0.25686353 -0.04909538 0.36063868 0.30550376 0.26884207 0.16755284 0.16844893 0.2755415 0.24375522 0.52237964 0.4191384 0.006856818 0.36661452 -0.14720865 0.2115071 -0.08512551 
0.0034502137 0.3449536 0.017864017 0.48022214 -0.14315455 -0.13652553 -0.07106802 0.37735772 0.40522233 0.0088698175 -0.28446433 0.03967862 0.57039344 -0.121465735 -0.33144492 0.46944082 0.066613816 -0.02912749 0.7730983 0.25666183 -0.010678505 0.61790794 -0.0426255 0.58486533 0.11459464 -0.1109894 0.63200676 -0.015015375 0.08840023 0.75934285 0.12142855 0.1108541 
0.26003098 -0.30064237 0.11805831 -0.44378582 0.53343546 0.1841552 0.037688788 0.0037633833 -0.2511818 -0.3007387 -0.26574752 0.1395191 -0.51337 0.05159851 0.52050817 -0.11007762 -0.09709639 -0.05860669 -0.2234298 -0.07943791 0.2532656 -0.08556156 0.019954013 -0.16532773 0.33208498 0.044875294 0.07770269 0.4611218 0.34901527 0.27505288 0.31355464 0.10953549 
-0.30323252 -0.6515629 -1.2460848 0.27218214 -0.34979218 -0.7023289 -1.0581512 -1.18045 -1.566898 -0.9394868 -1.5905523 -0.17953075 -1.043178 -1.0012923 -0.29765773 -0.78784156 -0.9068068 -0.94787484 -0.94545054 -0.7755656 -1.2631205 -1.3640363 -0.99979883 -1.1897663 -1.3476342 -0.5293186 -0.5394467 -1.1285778 -0.768463 -1.3009824 -0.8169376 -0.896189 
0.33264035 -0.09330766 0.15068166 0.2559712 0.21674275 -0.4033796 0.5483787 0.42777297 0.33091575 -0.336292 -0.211303 -0.095377624 0.8715075 0.46585664 -0.03920142 0.5090926 0.13694026 0.5577663 0.42023042 0.08877146 0.17897251 0.39644927 -0.19264302 0.081558734 0.3444441 0.16701517 -0.039887775 0.4290554 0.8505639 0.41727048 0.49944115 0.41651836 
-0.6385407 0.027625635 0.12918511 0.019208562 0.35427052 0.31571743 -0.15125184 0.13633992 -0.21468052 -0.19482468 0.17714177 -0.7666611 -0.13623856 0.09661886 0.71313 -0.29575408 0.1858533 0.54698706 -0.20229664 -0.0403969 -0.29435953 -0.3341595 0.12694737 0.078598924 -0.030481517 0.14624104 -0.277583 -0.2778655 -0.0017777096 0.95127004 0.14330196 -0.2757996 
-0.04348637 0.38017374 0.111902066 0.5065061 -0.24312276 0.5935529 0.33631748 0.07619183 -0.08322442 0.40265748 0.35534212 -0.26693574 0.07755645 0.38993573 -0.14638168 -0.17198454 -0.35803935 -0.24525057 0.23224314 0.04186611 0.19513236 0.12437928 -0.020531524 0.35624433 0.50886405 -0.36754346 -0.0033965106 -0.031554345 0.28031513 0.1937083 -0.17689951 0.7413555 
-0.34839585 -0.6699853 -0.50423896 0.25606295 0.18744224 0.21982215 -0.19231689 -0.48201054 -0.2727761 -0.8192374 -0.042051796 -0.42735228 -0.46045914 -0.31634 -0.3446944 -0.73688275 -0.127307 -0.10824771 0.017852886 -0.9446198 -0.6673524 0.2079338 0.31317097 -0.31119475 0.3334364 -0.15644953 0.15505145 -0.17538881 -0.054694865 -0.31918454 -0.24056233 -0.007830897 
-0.58666855 -0.7039497 -0.7424227 -0.33436257 -0.38287136 -0.32681447 -0.6259838 -0.7199092 -0.39592773 -0.5457753 -0.12624414 0.14696586 -0.19642998 -0.44299352 0.16345425 -0.46469024 -0.32136917 0.37461472 -0.6744492 0.113410436 -0.4684461 -0.8981748 -0.14984038 -0.41148418 -0.58847845 -0.2591627 -0.49640685 -0.49846452 -0.6267141 -0.9169154 -0.9877761 -0.6144092 
0.049260557 -0.62269753 -0.5664875 -0.30597928 -0.25015283 -0.691306 -0.09589075 -0.19195175 -0.94125116 -0.49028262 -0.36948755 0.3046494 -1.0706841 -0.48189265 0.25788474 -1.1229417 -0.03906542 -0.54968005 -0.20019692 -0.4152286 -0.16874518 -0.13729426 0.39931148 -0.9191197 -1.0668858 -0.5711299 0.029021429 -0.0849881 -0.27438006 1.0198388 -0.82273626 -0.6691298 
0.26693305 0.45182893 -0.19653893 -0.025661446 0.13858372 0.2536625 0.07776914 0.49035916 0.077992395 0.16247141 0.33681604 -0.25763947 0.2900419 -0.13208555 0.7026787 0.6023567 -0.2847253 0.3208999 -0.10700429 -0.5015891 0.15359189 0.2558979 0.13733265 0.60192907 0.3582226 0.03850289 0.47448155 -0.11181399 0.20261376 0.81401175 0.07741703 0.21436289 
0.6381973 0.13309895 0.09183715 0.10135892 0.7551544 -0.12702054 0.49868825 0.39152583 0.07166935 0.21366104 0.30870247 0.28946248 0.75660384 0.23959166 0.11960165 0.71116203 0.6092306 0.2558945 0.5910843 0.24885675 0.39232707 0.16445312 -0.15618843 0.6341595 0.22898693 0.5903154 0.80821073 0.33040473 0.6774666 0.746469 0.88193107 0.42821163 
-0.7364001 -0.32125264 0.31723127 -0.43733385 -0.65805334 0.27117237 -0.17096043 -0.2673877 -0.59617424 -0.63245857 -0.57534164 -0.5005538 -0.8050466 -0.35427555 0.28574008 0.053854365 -0.4094921 0.35330254 0.19026366 -0.57567716 0.11608379 -0.13721019 -0.16917334 -0.38501087 -0.056869764 -0.10028867 -0.5635354 -0.16149859 -0.7689347 -0.033966504 0.27409628 0.2856591 
-1.1487051 -0.8510857 -0.2652348 -0.022043098 -1.4658108 -1.1364645 -1.0054457 -0.56541204 -0.43017432 -0.4048699 -1.2906737 -1.1633599 -0.4133974 -0.6987706 -0.06116888 -1.0072721 -1.1596168 -1.0340589 -0.7023648 -0.9470495 -0.60027313 -1.0217675 -0.76760525 -0.8702906 -1.3217399 -0.96507907 -0.8370058 -0.7682766 -0.7782857 -1.0494518 -1.743389 -0.7552979 
0.5527355 0.38457873 -0.51590914 -0.007957901 -0.18558386 0.33159137 0.18275213 0.3476373 0.21577647 0.361209 0.2001129 0.06691014 0.9685969 0.07283968 0.33042035 -0.10179663 -0.11316272 0.20014009 -0.13058543 0.3611561 -0.006792672 0.1898012 -0.237158 0.22796644 0.3691181 -0.42116356 0.32982507 0.30529287 0.20769233 0.10083564 0.32104623 -0.5146661 
0.51824635 0.37136266 0.20415573 0.9285149 0.39325333 0.0033808425 0.41958195 0.3161819 0.043325003 -0.09986305 -0.156864 -0.38518322 -0.1154594 0.041301675 -0.6372446 0.0002579237 0.3039401 0.53818464 0.09460542 -0.111540206 1.2846254 0.3419551 0.12979884 0.3795131 -0.058016837 0.30673888 0.17130499 0.24915172 0.13376719 0.45547062 -0.19033423 0.11556722 
-1.2566699 0.33576128 -0.25017065 0.29884 -0.063191876 -0.972247 -0.22202596 -0.33567733 -0.9350657 -0.1525618 -1.1110145 -0.07696873 -0.6308445 -0.31763658 0.0050649843 -0.6996872 -0.8723556 -0.17291923 -0.30470437 -0.27163038 -0.69180053 -0.10279134 0.072949395 -0.9823538 -0.68705 -0.26006454 -1.6056616 -0.047868256 -0.8416726 -0.26835898 -0.55904204 -1.0186228 
-0.24828464 -0.07640216 0.14828579 0.19558507 0.36790645 0.06854009 0.21276236 0.44917932 0.4771692 0.044171 0.18420863 0.61404425 -0.6144223 0.19105962 -0.20596485 0.4013396 0.23083335 0.28980526 0.46647865 0.17774919 0.17232125 0.0993457 -0.0027392022 0.0012975195 0.4638899 0.46546626 0.5437289 0.2985157 0.5118635 0.37419188 0.43260014 0.5595707 
0.10315516 0.11741318 0.35843983 -0.35022634 0.17783324 -0.4166567 0.5112376 0.46982858 0.7384506 -0.19264221 0.26961952 -0.18483888 0.5643308 0.65563744 -0.06072255 0.7149058 -0.12827295 0.21932383 0.4982981 0.39216104 0.2172629 -0.0026693498 -0.032011554 0.6833687 0.58205944 0.17441407 0.20584083 0.19132422 0.44547665 0.48322704 0.80677575 0.42779645 
0.09485526 0.23739852 -0.1956664 0.56165576 0.29843453 -0.30945706 0.18880457 0.03473297 0.026570352 -0.359549 0.22842096 -0.22602008 0.5276267 0.4016109 -0.20742805 -0.091896646 0.1097497 0.6369427 -0.64868397 0.039680712 -0.036064874 0.24991062 -0.06718298 -0.15631163 -0.06909729 0.14848062 0.46717814 -0.07611009 0.13673076 0.3101053 0.27263567 0.44185013 
-0.031600483 -0.3703206 -0.70167667 0.4645571 -0.20832731 -0.91173434 -0.433365 -0.05506061 0.27481258 -0.59528595 -0.07083375 -0.46859816 -0.2477846 -0.26110756 -0.57839614 0.09177113 -0.17600596 -0.06915233 -0.37629268 0.2653166 0.235114 -0.44292638 -0.002595047 -0.3516574 -0.5021878 0.16816387 -0.28913233 0.0694709 -0.56866497 -0.1847876 0.06521336 -0.29129517 
0.062118787 -0.45131868 -0.14770594 0.45161298 -0.22041859 -0.42916828 -0.10722895 0.024323171 -0.438559 -0.493215 0.061713077 -0.38166404 -0.32937628 -0.18667668 -0.033510476 -0.06803732 -0.17171083 -0.07730441 -0.2117625 0.3459776 -0.42817834 0.12802075 0.6353993 0.34757113 -0.28150856 -0.3773584 0.574587 -0.15386729 0.092891045 0.44569027 -0.081504986 0.02040219 
-0.8723127 -0.80058855 -0.71598804 -0.111949675 -0.13894017 -0.3974274 -0.6924871 -1.0435699 -0.6839329 -1.148463 -0.5675164 -0.8205416 -0.74341613 -0.9292376 0.3212959 -0.8326051 -0.832652 -0.48770317 -0.97084606 -0.71435475 -0.9625099 -0.5375835 -0.7623865 -1.5878065 -0.65352905 -0.78401566 -0.80967367 -0.41039795 -1.087325 -1.0378393 -0.9535798 -1.0655107 
0.3318688 0.08408441 -0.0590719 0.27050626 0.454803 -0.08548355 0.390359 0.26095024 0.061223537 -0.00014283284 0.27513957 0.13064761 0.1121916 0.5358203 0.14543773 -0.2442976 0.0694604 -0.003701837 -0.002709776 0.30219814 0.23617378 0.008216129 -0.20611012 -0.2755631 -0.45304015 -0.114885904 0.1413514 0.09277747 0.2132462 0.14961766 -0.08128099 0.037084535 
-1.2311507 -0.5040479 -0.29306114 0.41337672 -0.49018982 -0.9175485 -0.043061867 -0.4401673 -0.3584211 -0.51547873 -0.18879122 -0.9631662 -0.5473858 -0.08733119 -0.27182066 -0.85954595 -0.6289431 -0.51996183 -0.1053244 -0.068376385 -0.10657959 -0.549505 0.054371472 -0.3940672 -0.6932858 -0.27471805 -0.62076586 -0.5530748 -0.13257577 -0.2758124 -0.36984584 -0.45738024 
-0.039917033 -0.16146748 -0.009242885 -0.95328146 0.20626356 0.05679827 -0.35845488 0.21949266 -0.54837906 -0.019804087 -0.5475764 -0.44300228 -0.96924996 -0.45568538 0.30199015 -0.4443357 -0.07301615 -0.18635845 -0.35555676 -0.38995 -0.43175456 -0.21310613 -0.22060438 0.237599 -0.39936587 -0.014940349 -0.3346879 0.12652189 -0.21326593 -0.14036655 -0.06374756 0.012410795 
0.30943897 0.0890086 0.026637973 -0.10438487 0.43509302 -0.13404682 0.16420002 0.4854833 0.6613459 0.25606614 0.37988776 0.07907091 0.8695356 0.011463921 0.10068283 0.1924128 0.13914508 -0.25296283 0.70381737 -0.022886192 0.66750324 0.28939342 -0.19987237 0.24266966 0.26716304 0.37183523 0.22396187 0.29650113 0.31219864 0.6663639 0.018641775 0.1610908 
-0.2647987 -0.057658337 -0.13218348 0.07006829 0.13505325 0.23790652 0.06374523 -0.1544162 0.3392505 -0.14342242 0.39218828 -0.59678715 0.1324352 -0.048770163 0.035165627 -0.2729785 0.817008 0.5599287 0.49397472 0.11364647 -0.030737612 -0.0023979172 0.0914344 -0.10860657 0.26211372 0.6060809 0.38308054 0.07274751 0.24141102 -0.09867136 -0.20200469 -0.2845669 
-0.66588265 -0.47018957 -0.25777885 0.53069293 -0.032940675 -0.12214971 -0.7872844 -0.4346292 -0.57363564 -0.59841275 0.038144507 -0.6730762 0.08467167 -0.1524798 -0.20489104 0.06522088 0.12341409 -0.30697912 -0.53864235 0.09861002 -0.31082428 -0.31965145 -0.13698597 -0.108859725 -0.5258919 0.040251248 -0.6455881 -0.7144451 -0.3741824 0.07105377 -0.35499388 0.11272031 
0.037721604 -0.048955344 -0.07090772 0.17070363 -0.43351573 -0.11218629 -0.24387756 -0.42183757 -0.1677222 -0.3006391 0.17173798 -0.14163503 -0.40857178 0.09254782 -0.0019610948 0.24434854 0.05128744 0.06892542 -0.041005053 -0.23680942 -0.37834406 -0.51826495 -0.25997898 -0.08091013 -0.20030163 -0.22666918 -0.2848397 -0.43319544 -0.0013109426 -0.29744002 -0.51520354 0.20335448 
-0.11479588 -0.06971349 -0.17983128 -0.38029382 -0.17081605 -0.063544065 0.28646946 0.0019232244 -0.2946633 0.55485487 0.6676057 0.3991875 0.65442264 0.29112497 0.46093008 0.09372315 0.030351585 0.29048446 -0.21156114 0.025232956 -0.02395541 0.10281013 0.12131915 -0.09311053 -0.01311405 0.6539078 0.405176 0.6535549 0.23107502 0.50813043 0.28740174 0.34572977 
0.44596028 -0.12384884 -0.003778598 -0.850355 0.17421263 0.009538359 0.13411032 -0.2742374 0.28603104 0.6467896 0.14606321 -0.29569167 -0.79478276 0.08364987 0.7887309 -0.4902519 0.5302969 0.090940565 0.05008471 0.46156606 0.029653694 0.34411994 0.047010873 -0.021832265 0.3510687 0.2436681 -0.69542 0.40473938 0.34156227 -0.47206956 -0.10585138 -0.25457653 
0.10228046 0.18560815 -0.40446624 -0.08555247 -0.37735182 0.12557694 0.099050604 -0.0020915344 0.6497131 -0.029694797 0.35676545 -0.40041044 -0.27834347 -0.15332128 0.68355286 -0.5039236 -0.104540616 -0.093080394 0.13424002 0.16796054 0.2273277 0.26848778 -0.25568125 0.28659883 -0.15909034 0.08377505 0.48023868 -0.301054 -0.001892882 -0.16695327 -0.04630999 -0.527694 
-0.30426246 -0.15248485 -0.30076447 -0.9463369 -0.35353515 -0.22498238 -0.21001177 0.11280526 -0.8200319 -0.15560344 0.17408541 -0.4642514 -0.41136515 -0.27358913 0.016526699 -0.72379375 0.10983321 -0.31821033 -0.5811428 -0.18319143 -0.23416446 -0.3235525 -0.31662622 -0.24128151 -0.26348922 -0.24556129 -0.15986867 -1.0844874 -0.5637196 0.10521524 -0.6177264 -0.0005059104 
0.12989412 -0.2669315 -0.37639806 0.44182053 0.29386216 0.17084703 -0.18586263 0.48007134 0.30013454 0.24794589 -0.084833875 0.3637755 0.14360689 0.1611386 -0.51889 0.3147978 0.33196285 0.65538883 0.36496952 0.068281025 0.08365906 0.3709975 -0.06780027 0.115993164 0.34201002 0.24774188 0.40005058 0.22115213 0.6414232 -0.29076573 0.40642998 0.24834412 
-0.3893484 0.040592577 -0.03931958 0.3333085 0.15331908 0.11514706 -0.008374931 0.06434728 0.36139295 -0.29908335 -0.02037394 -0.5586703 -0.36666182 -0.038407046 -0.4269525 -0.1912155 0.1332215 -0.22192456 -0.057527095 -0.35073453 0.1522804 0.030572338 0.10267096 0.16534704 -0.28132784 -0.19956128 0.056321573 0.529467 -0.08047171 0.16316727 -0.12690002 -0.17122644 
0.59310657 -0.23636003 0.031818796 -0.6712922 -0.32833984 0.68792653 0.19390354 0.15117952 0.18058757 -0.31701595 0.14732762 -0.37853187 0.18498448 0.40100697 0.065274365 -0.23292612 -0.100239836 -0.15276943 -0.1626223 0.28955024 0.15794258 0.13053815 0.18154894 0.31794387 0.0007302478 0.28098536 0.2861274 0.18421863 0.4382275 0.17952861 0.35747778 -0.24945353 
-0.35909805 -0.752488 0.22844815 0.37818968 0.19784279 -0.1999775 0.45314482 -0.05836781 0.30330268 -0.11564446 0.18929031 -0.3400631 0.3841252 0.40745673 -0.6038308 0.19623965 0.5381068 0.38759208 0.4610508 -0.6084356 0.5668975 0.2059468 0.4078342 -0.18083721 0.5388074 -0.07596887 0.36389843 0.48371765 0.09409541 -0.057699706 0.3873758 0.23872587 
-0.67402947 -0.6475663 -1.4877211 -0.08218597 -1.024988 -0.50628614 -1.0979412 -0.97730136 -0.935492 -0.84868264 -0.7642743 0.037543986 -0.9918539 -1.0065515 -0.3838528 -0.9011116 -1.0641932 -0.6214919 -0.9677278 -0.6294629 -0.9454903 -0.70698595 -1.0734805 -1.1407281 -0.63998 -1.088957 -1.495442 -0.4278844 -0.59685344 -1.0141468 -1.0553125 -0.75976926 
-0.17340657 0.09195297 0.29593527 -0.32602438 -0.21674421 0.06894925 -0.160031 0.65823615 0.07623074 0.016596511 0.014769207 -0.22200547 -0.2503847 0.11565004 0.3726892 0.27345228 -0.49438772 0.3335458 0.31569648 -0.25075373 0.1617858 -0.24236211 -0.0012396409 0.13968919 0.38357532 0.011785133 -0.32094878 0.24867338 0.1750497 0.20522285 0.2913137 0.3098428 
0.37537196 -0.1252652 0.04090586 -1.0307546 0.20062189 -0.031930752 0.027852597 0.4977162 0.46455348 0.45199245 -0.3189248 -0.22710356 0.08427649 0.07452775 0.7209805 0.24659038 -0.1640581 0.3826314 0.3361528 -0.018269297 0.24690957 0.32778734 0.090248406 0.69488496 0.010694378 0.044970017 -0.094484955 0.55207247 0.2674682 0.07435387 0.13829915 -0.060752057 
0.2305678 0.039837666 0.27552837 0.1552894 0.6833165 -0.37621054 -0.0007310419 0.2579054 0.21774296 0.35203692 0.53404194 -0.22674778 -0.13801853 0.556952 -0.06351088 0.47301376 0.5762616 0.012939061 -0.0069369315 -0.12398146 0.030312154 0.3193076 0.17056993 -0.03447691 0.27935305 0.25042114 0.46399596 0.1505099 0.19392945 0.35672644 0.3601147 0.3383224 
0.29979384 0.009022804 -0.229708 0.697792 0.18200961 0.6987661 -0.18371236 0.028919017 0.099450305 -0.1818929 0.1146508 -0.32495996 0.10303598 0.3499028 -0.116737165 0.11293991 -0.33552608 -0.3453295 -0.104103014 -0.067481786 0.14293002 0.06464476 -0.0076101483 0.042878617 -0.22651231 -0.30275068 -0.008100927 0.25617534 0.33723834 -0.27495673 0.44404677 0.051609382 
-0.038885422 0.005163847 -0.28884056 0.42463538 0.19856733 -0.08809357 0.060206197 -0.03149498 0.56373507 0.26865116 -0.32323018 -0.10765367 0.27613792 0.45871136 -0.2596231 0.2400731 0.028431872 0.3840809 0.3978993 -0.15223135 0.3890532 0.57151556 0.05826651 0.13263711 0.44055748 -0.13247305 0.033912413 0.3396581 0.10806167 0.24006225 0.36916718 -0.0097100735 
