-0.07215563 -0.37928903 0.31992692 -0.07419206 0.3670795 0.38070998 -0.31692302 -0.5573414 0.26646197 0.1558384 -0.29411882 0.13139857 0.11100575 0.05968077 0.10932845 0.18375029 
-0.38073167 -0.056284193 0.0865983 0.021384474 -0.009721192 -0.0917621 0.068552144 0.040659502 -0.24384457 0.28453544 -0.16429968 0.034571383 -0.15084039 -0.037858643 -0.3365742 0.24305247 
0.23965755 0.1132737 0.27372774 -0.0022892493 -0.40714133 0.40619162 0.5057547 -0.036718287 -0.09649726 -0.0085609155 -0.18275136 0.30916357 0.34443656 -0.0010797989 -0.021567319 -0.27836812 
-1.0330226 -1.0970726 -1.1143439 -0.08325862 -1.9458767 -1.0424057 -2.2231739 -1.2736349 -1.6709081 -0.050526027 -1.400945 -0.45467308 -3.6696115 0.07493834 -1.2627366 -0.038181935 
-0.2787056 0.29547757 0.29514414 -0.15925893 -0.05054597 0.2526644 -0.060594577 0.35040647 0.056414116 0.09210897 0.36137742 0.30876786 -0.11030355 -0.090753056 0.24652061 0.41217598 
-0.74770504 -0.4858743 0.37388355 -0.075547226 -0.25443086 0.20387582 -0.35618505 -0.12387048 -0.24400711 0.10298629 0.16657066 -0.029213622 0.0471008 -0.6075146 -0.109520644 -0.5385633 
0.056303423 -0.00816877 0.11604124 0.03399314 -0.09258678 0.08088092 -0.21997009 -0.17037293 -0.29862702 -0.049113277 0.39619103 -0.10284457 -0.29256123 -0.20192693 0.18208733 0.21283542 
0.11568557 -0.5698462 0.025228806 0.06164819 0.0025904633 -0.14772144 -0.56630504 0.021065691 0.12207687 0.049305335 -0.63242507 -0.36923945 0.23158428 -0.00064359803 0.1539013 0.09414939 
-0.091686286 -0.037566837 -0.041177932 -0.19280893 -0.31990662 -0.21695489 -0.2568313 0.01790231 0.00787616 -0.41442785 -0.22479525 0.049393777 0.14794375 0.02510168 0.2289566 -0.0941692 
-0.123316795 0.05036268 -0.04445986 0.13324808 0.22612536 -0.023943812 0.110981055 0.4383438 -0.02142417 -0.08235009 -0.0005418275 -0.16262579 0.14186794 -0.11844328 -0.2446349 0.21545064 
0.34208074 0.16330776 -0.3064122 -0.311267 -0.3429908 -0.0828057 0.11507757 0.12425058 0.6627281 0.22718032 -0.36579618 -0.3519657 -0.04570467 -0.07593231 -0.008083146 -0.15414569 
-0.44434708 -0.5228573 0.47018245 -0.70387614 0.25211385 0.2851338 0.024318796 -0.8288064 0.1670939 -0.28396213 0.18290418 0.3617237 0.15070911 0.13925879 0.34738043 0.38335752 
-0.009593427 -0.043159574 -0.038546354 -0.2291289 -0.13870133 -0.4019708 -0.1540454 -0.39901388 -0.32927448 -0.0011582979 -0.030339813 0.075302 -0.10276904 -0.031497497 0.107885405 -0.07935625 
-0.258662 -0.20338811 -0.050320707 0.0044644624 -0.17570512 -0.11202174 -0.43878105 -0.22343849 0.03704833 0.14121091 0.012112909 -0.44762427 -0.14534552 -0.048036788 0.28138712 0.17688353 
-1.8931606 -0.85660183 -1.2896814 0.07933571 -1.311885 -0.7648054 -1.0253884 -2.286949 -1.173641 -0.03240889 -0.6683369 -1.3316414 -0.8510102 -0.20866351 -1.0064939 -0.7380761 
-0.38369837 -0.05795112 0.042220064 0.018558932 -0.2922254 -0.19920772 -0.33787006 -0.2184681 0.016268378 -0.044761557 -0.5252645 -0.15563354 -0.24499884 0.020902544 -0.17952482 -0.08094968 
0.06384374 0.101795785 0.060937833 0.021859437 -0.5932341 0.16949314 0.16112755 0.008744422 0.1294682 0.14872639 -0.013544318 0.174434 0.28175122 -0.12916526 0.19616431 0.026541226 
0.34030348 -0.18915804 0.03633029 0.14068434 -0.18226768 0.13749957 0.3059736 0.4406457 0.011133315 -0.11504265 -0.06127471 0.03618366 0.18303388 -0.4725444 -0.35249406 -0.037284244 
-0.6975111 0.18008207 -0.47708297 0.1040805 -0.05731999 0.09475642 0.2999059 0.5714375 -0.0905429 0.0020025612 -0.019950265 -0.529124 0.18256013 -0.35807115 0.10186598 -0.33195707 
0.2689305 0.3127634 -0.113385394 -0.73335606 -0.617559 -0.37755388 -0.2973681 -0.23608007 0.02943624 -0.1360954 0.029258503 -0.15703037 -0.5218459 -0.03315557 -0.1927709 0.3030921 
0.31908473 -0.4629274 0.14920542 -0.18382049 -0.29462227 -0.21738954 0.16041322 0.015710564 -0.019602427 -0.18083723 -0.011025452 0.06192564 0.015598857 0.099930875 0.4636717 -0.09528971 
-0.6741855 -0.08926522 -0.13999727 -0.06389286 -0.4718276 -0.07825957 -0.4933005 0.17036699 -0.06301834 0.30888313 -0.3769936 0.20415537 -0.27575386 -0.08796159 0.26830247 0.04739116 
-0.22611977 -0.37029916 0.17508101 0.12016208 0.2872401 -0.024894178 0.09401823 -0.019844485 0.3626779 -0.37677222 -0.124693274 0.44422007 0.29249686 -0.35580567 0.65849113 0.5020471 
0.0040303515 -0.26529673 -0.19718806 -0.017587468 -0.03209784 -0.3101984 -0.1587371 0.111207604 -0.10843264 0.20331602 0.07408714 -0.2912554 0.17568712 -0.55370444 0.3154783 -0.24216257 
-0.31645697 -0.064816065 -0.20845188 -0.030280808 0.11703271 -0.7487375 -0.16285226 0.24591295 -0.48815286 -0.12826872 -0.4222358 -0.15993726 -0.06063267 -0.50571066 -0.10760061 -0.19306447 
-0.35469404 0.057352267 0.26689702 0.1363068 0.21480173 0.08739441 -0.3474938 -0.12333503 -0.21642604 -0.39365983 -0.26487362 -0.027289934 -0.43462807 -0.01158847 0.26979387 -0.18256126 
0.093670264 -0.44913113 0.20031627 -0.47842547 0.1739801 0.22359823 -0.45914495 -0.11565542 -0.12848894 0.08106206 -0.35205805 -0.86866 -0.27867767 0.0920347 -0.19712412 0.061838225 
0.013045567 0.27037433 -0.0077747256 0.28596878 -0.394323 -0.4617999 0.08095081 0.3891319 0.11594602 -0.0039919657 0.04917103 0.0056263707 -0.1798218 -0.052253347 0.21716458 0.13962358 
-0.19985579 0.17488196 0.3181522 -0.0073158615 -0.030204587 0.04946492 0.054353565 0.04397574 -0.036193077 -0.109989904 0.2778673 0.2347523 -0.5157522 0.025070095 0.21228805 0.1389776 
0.23354235 0.27259788 -0.24554993 0.052882325 -0.5130871 0.3732795 0.047019053 -0.29745284 -0.26117042 -0.6639334 -0.27033624 0.14674062 -0.36320317 -0.40523064 0.0953291 -0.56507546 
0.5921924 -0.42528692 -0.048297577 -0.09993443 0.085678935 -0.07384323 -0.24952023 0.23407815 -0.13473101 0.33565807 -0.33793256 -0.36048865 -0.36316574 0.1151967 -0.18266326 -0.61443686 
0.033637058 0.37375972 0.5057108 0.056049015 0.30071813 -0.29259562 0.1403842 -0.54278624 -0.1853729 -0.17348972 0.05567812 -0.16928644 0.12021216 0.1739354 -0.060254496 -0.2539087 
